0,1.6721919837966908
1,1.552573911649659
2,0.9566713287835305
3,0.7273731376441849
4,1.263267777068532
5,0
6,1.0966615281597516
7,0.7659357255904649
8,1.1267782446798236
9,0
10,1.3433644293234641
11,1.531772398658679
12,0.8405150406893382
13,0.8401490256777201
14,0.38115335371696646
15,0.3579074156900464
16,0.5529931094084825
17,0.8408588493400331
18,0.3339904620469732
19,0.29814648317960923
20,0.3328360942968557
21,0.4084187837195945
22,0.8401515729439011
23,0.36178253232577423
24,0.8119110090172802
25,0.8519396872459146
26,0.8515634649663851
27,0.4609999273015339
28,0.4222727285438529
29,0.8412801103170757
30,0.3225652106555751
31,0.8040365865448396
32,0.8442861319779765
33,0.8439551554914251
34,0.40083841876554016
35,0.4665443910013575
36,0.8402812709838428
37,0.4021292131826882
38,0.7707416785891655
39,0.3521477253353111
40,0.4405264282060924
41,0.5634547942266648
42,0.3788727763164348
43,0.6098248009042618
44,0.1800807724543882
45,0.841753229245035
46,0.337733362133571
47,0.7622145707261325
48,0.31959540103551914
49,0.43102027420045474
50,0.6236615864751565
51,0.46459974665531567
52,0.16578228089069494
53,0.2855566116939303
54,0.9746012125285216
55,0.807101892022095
56,0.8405319416446945
57,0.5999953336888681
58,0.4192139332953727
59,0.29325742921134546
60,0.8175550300196583
61,0.8172448889646781
62,0.8168887921770965
63,0.1767111718669467
64,0.33049270285852833
65,0.8165119438741305
66,0.3049772048341069
67,0.8422457212962129
68,0.5520256516905977
69,0.4111882853137019
70,0.334793315087527
71,0.8179567010731341
72,0.8180210606295198
73,0.8179872566652722
74,0.1648245150351174
75,0.42349409695711776
76,0.13098315809981437
77,0.817858281786779
78,0.8161403013219535
79,0.8408840479212605
80,0.4093295452243717
81,0.30650139632813633
82,0.34004092307518063
83,0.3233391040412227
84,0.36585125669600044
85,0.11797970860371793
86,0.2586747368043412
87,0.1256667036518985
88,0.353328496104559
89,0.8176433565855933
90,0.8045200940408186
91,0.4701999229978744
92,0.3724605893145494
93,0.22509992798611828
94,0.12950660118572446
95,0.18582672315937518
96,0.8158001625557574
97,0.22178290536673365
98,0.32167435849323733
99,0.3593726509900869
100,0.8413145832713232
101,0.4034444297560007
102,0.33569500970297056
103,0.14853916346113924
104,0.1781192794341818
105,0.8173577379347975
106,0.1384391225877369
107,0.3947249530182693
108,0.3181835577540723
109,0.8431537797022688
110,0.2744252943511815
111,0.11275559429442329
112,0.2929541597451256
113,0.8155146320140432
114,0.25704511684756476
115,0.9272358381159489
116,0.35394082779848396
117,0.42100555800281886
118,0.8055363509725968
119,0.11354048567018814
120,0.5839977622461889
121,0.524624436938189
122,0.8170205979452281
123,0.32396657723569694
124,0.40817846467134095
125,0.308847872470804
126,0.8435080488963274
127,0.2848978420769614
128,0.492744336780354
129,0.5683938171484698
130,0.7778614838583988
131,0.30625879017891533
132,0.35010176296361156
133,0.973909295862842
134,0.842291238446985
135,0.3715056636036712
136,0.14215565647868728
137,0.44037613922934926
138,0.8166549068261467
139,0.33618649962766894
140,0.3252933002181107
141,0.9755451455007342
142,0.8437628216886545
143,0.2663708272551287
144,0.3303894384867721
145,0.4868469260639002
146,0.8151804123735092
147,0.46039028349875544
148,0.33385549436300377
149,0.7360521303518713
150,0.8427703412051892
151,0.670471256062088
152,0
153,0.7539951687172811
154,0.8162846990437834
155,0.4035671465312248
156,0.4319276600134148
157,0.8185371293146204
158,0.8438988282502958
159,0.3500138600115035
160,0.9433330810536198
161,0.7546033938331628
162,0.8151536037616197
163,0.4613116682968783
164,0.4268093621863834
165,0.46148949951066537
166,0.6794662281308637
167,0.8431972155302038
168,0.2605538225625984
169,0
170,0.8351008539498395
171,0.7383551732729237
172,0.37455365838568877
173,0
174,0
175,0.5421262331654444
176,0.8439068867887288
177,0.1929951996745845
178,0
179,0.7850256122729175
180,0.7772529349342578
181,0.5763389697859812
182,0
183,0
184,0.8927274788095786
185,0.8435440486835554
186,0.5449032484805372
187,0
188,0.7360729779410765
189,0.8156284974092065
190,0.729130047876343
191,0
192,0.47407680991904455
193,0.7357872668176965
194,0.5602959961283832
195,0
196,0.7175018028845304
197,0.5870230290996652
198,0
199,0.6123532846366335
200,0.4772607021092118
201,0
202,0
203,0.6114175143532153
204,0
205,0
206,0
207,0.04149966532662929
208,0
209,0.6072239604543467
210,0
211,0.6068480803437604
212,0.05280993172584968
213,0.05280993172584946
214,0
215,0.06048045267320304
216,0.040276819911982197
217,0.04027681991198203
218,0
219,0.9017702822806871
220,0
221,0.7465480453242463
222,0
223,1.2329562512069814
224,0
225,0.03915197996554244
226,0.051041833083810495
227,0.05098563906848881
228,0
229,0.8793843205717877
230,0
231,0.7461946076610384
232,0
233,1.2817954190304457
234,0
235,0.05964604554275894
236,0.012227935984639685
237,0.01325736327479936
238,0
239,0.901568946506718
240,0
241,0.6051335608503867
242,0
243,1.2464978256836508
244,0
245,0.20017316834902946
246,0.009556602662266885
247,0.20017316967205065
248,0
249,0.8791960299271565
250,0
251,0.9645850227901056
252,0
253,0.9289896785300966
254,0
255,0.9998179534909787
256,0.008988653100190041
257,0.3999289187890491
258,0
259,0.9013405958507951
260,0
261,0.9832020281985461
262,0
263,0.896495191735033
264,0
265,0.1999422963707279
266,0.0075262490805327945
267,0.19994229510286224
268,0
269,0.8789862749172243
270,0
271,0.9640662493081943
272,0
273,0.8968105605604771
274,0
275,0.9994690259362718
276,0.00700407314036312
277,0.399604221740712
278,0
279,0.8788296614731457
280,0
281,0.8787967355870453
282,0
283,0.8960622011690518
284,0
285,0.13471373988603408
286,0.007045385542640297
287,0.1995536540718922
288,0
289,0.900821188135445
290,0
291,0.9634750316400671
292,0
293,0.9279059257125903
294,0
295,0.9989598603886833
296,0.006642018660685119
297,0.39912053672641035
298,0
299,0.9002788071852011
300,0
301,0.8782832949842422
302,0
303,1.0876780335443077
304,0
305,0.19901303603756434
306,0.006956388909963772
307,0.048711341549535866
308,0
309,0.8777280423845886
310,0
311,1.1358464063186293
312,0
313,0.8958211595951685
314,0
315,0.9982999618293313
316,0.006685266353872745
317,0.2355388494506553
318,0
319,1.140013071030494
320,0
321,0.877631221691315
322,0
323,0.8950380045178234
324,0
325,0.19832926616418015
326,0.007279372332526809
327,0.04783898118341012
328,0
329,1.139710621828618
330,0
331,1.140199255907841
332,0
333,1.0655367928905823
334,0
335,0.233425965354947
336,0.007130359793010363
337,0.23469964463989068
338,0
339,1.0900214941870947
340,0
341,0.8770232177261098
342,0
343,1.2049110485532977
344,0
345,0.19751192892160546
346,0.0088081602442785
347,0.3971250374877751
348,0
349,1.4763222353645353
350,0
351,0.7605960196896778
352,0
353,0.8302803085865958
354,0
355,0.23434244598545195
356,0.00949541505148674
357,0.1972091776977487
358,0
359,1.1238299868187434
360,0
361,1.81025071927432
362,0
363,1.3045477581350873
364,0
365,0.8534501283211255
366,0.0136230434069141
367,0.7474972447191137
368,0
369,0.5224393759670127
370,0
371,1.4552343263455714
372,0
373,0.23513401293730354
374,0
375,1.4230344537714084
376,0
377,0.6400962459193149
378,0
379,1.1233549451815938
380,0
381,0.452223149481045
382,0
383,1.5266338597709679
384,0
385,1.4194945867626196
386,0
387,0.7470184582234601
388,0
389,0.016825492431294713
390,0
391,0.23578945522765768
392,0
393,0.8608190792824394
394,0
395,1.9599131195401382
396,0
397,0.6392638478723441
398,0
399,0.014528696037688837
400,0
401,0.017519930105137086
402,0
403,0.884255949785091
404,0
405,1.8278604894919697
406,0
407,0.01452886612536877
408,0
409,0.01775375449181259
410,0
411,0.2362982908862817
412,0
413,0
414,0
415,0.017348609902685466
416,0
417,0.017753561401714437
418,0
419,0.015520224117797613
420,0
421,0.018416692289574932
422,0
423,0.01763801913166244
424,0
425,0
426,0
427,0.764884727541159
428,0
429,0.018616122394311874
430,0
431,0.015738122145499682
432,0
433,0
434,0
435,0.018190828009375052
436,0
437,0.018615812866127224
438,0
439,0.016453576726994986
440,0
441,0.01924445579323504
442,0
443,0.018454609053928303
444,0
445,0.01644250156015058
446,0
447,0.016453914458268007
448,0
449,0.019409085633051115
450,0
451,0.016640133950449124
452,0
453,0.01727373410380298
454,0
455,0.01895666698610859
456,0
457,0.01940883682186489
458,0
459,0
460,0
461,0.45492368102304326
462,0
463,0
464,0
465,0.7964574341698648
466,0
467,0
468,0
469,0.24390821734596999
470,0
471,0
472,0
473,0
474,0
475,0
476,0
477,0.4587634380285528
478,0
479,0
480,0
481,0
482,0
483,0.8189844994765707
484,0
485,0.013256608616082778
486,0
487,0.25927411661298644
488,0
489,0
490,0
491,0
492,0
493,0
494,0
495,0
496,0
497,0.4588167902456637
498,0
499,0
500,0
501,0
502,0
503,0.8196267222381717
504,0
505,0
506,0
507,0.25931909915713247
508,0
509,0
510,0
511,0
512,0
513,0
514,0
515,0
516,0
517,0.45870539580710795
518,0
519,0
520,0
521,0
522,0
523,0.8201165816098615
524,0
525,0
526,0
527,0.259213904269985
528,0
529,0
530,0
531,0
532,0
533,1.385212787774791
534,0
535,0
536,0
537,0.4584302071452341
538,0
539,0
540,0
541,0
542,0
543,0.8204451301830002
544,0
545,0
546,0
547,0.2589591585151777
548,0
549,0
550,0
551,0
552,0
553,1.6193954707204785
554,0
555,0
556,0
557,0.07576203485548977
558,0
559,0
560,0
561,0
562,0
563,0.47639495426052614
564,0
565,0
566,0
567,0.25855960569276865
568,0
569,0
570,0
571,0.07995292806812423
572,0
573,1.512541472063024
574,0.08822028223020931
575,0.046535033124398745
576,0.8365611611803647
577,0.06742041689280776
578,0
579,0
580,0
581,0
582,0.18160378590369633
583,0.046534999362487096
584,0.7446352517695299
585,0.08203361534558055
586,0
587,0.2580204328767179
588,0
589,0
590,0.7441822773686528
591,0.07900400869872853
592,0.31278629596626356
593,0.0810853755672926
594,0.44159501199126255
595,0.0790628909574875
596,0.3319330954016575
597,0.06836832161169382
598,0
599,0
600,1.12745419946332
601,0.0800787110480126
602,0.3556796537887031
603,0.0790618369372284
604,0.46151215092315645
605,0.07991711643321474
606,0.7100603643090837
607,0.09280495935024158
608,0.6594095600492645
609,0.07804625494686475
610,0.34530959107069115
611,0.07991795880151095
612,0.7879657102918124
613,0.08101846422335537
614,1.032260330654496
615,0.07259061904344882
616,0.2983536542115876
617,0.07699979156826046
618,0.39219607344273694
619,0.0725907261363324
620,1.1952617580984068
621,0.0756263370707351
622,0.3505718227210598
623,0.05331831875735698
624,1.1559606930549013
625,0.04871141392140268
626,0.2953674916579393
627,0.04871141392140273
628,0.6967470234328241
629,0.07276463655512919
630,0.31473679686612094
631,0.029283040901594257
632,0.8237468184109233
633,0.08770431879458504
634,1.1977594276349142
635,0.07336566711495386
636,0.39501305042222645
637,0.03733958877652539
638,0.9382268438767667
639,0.049246273011829315
640,0.3500984862330366
641,0.053851523088952746
642,1.1490685681710366
643,0.04946993515706732
644,0.33296268962092435
645,0.04946991570754
646,0.8789231839940975
647,0.07351826026006553
648,0.3453923026485574
649,0.030049499609440672
650,0.3465977258408265
651,0.08458404490078357
652,1.1576999209876297
653,0.038021756365416756
654,0.40847707258416827
655,0.07400437058339503
656,1.2105462762119041
657,0.049921198397519545
658,0.38194598357151494
659,0.06718036967473438
660,1.3553473345840952
661,0.0501059049292374
662,0.3420762353776302
663,0.05010588444262584
664,1.3156754999441662
665,0.07413137194422745
666,0.35108295545137075
667,0.03072944534156121
668,0.6289708635273215
669,0.03606846097508337
670,0.7939284826860106
671,0.03859110516542495
672,0.36969313354599076
673,0.038590501286658134
674,0.8764428861109351
675,0.07205907822086051
676,0.550920968694753
677,0.05473559637424672
678,0.8335480042601026
679,0.05061268906992483
680,0.3226828261528807
681,0.05061277390584746
682,0.847812774861033
683,0.07459460365647569
684,0.3501019250789031
685,0.031316527530292265
686,0.3673966795486967
687,0.03664405014763281
688,1.5692174161503498
689,0.039043112472695554
690,0.3963467207836334
691,0.039042315647398754
692,0.5778203263389591
693,0.07556652978451654
694,0.39972725380527424
695,0.055071075005144306
696,1.248665972481313
697,0.05098572547183074
698,0.2998305931561122
699,0.15999758950163398
700,1.268578643527753
701,0.039150959291496853
702,1.1326169619787525
703,0
704,0.8460106704329318
705,0.03713113366315552
706,0.23224877414268044
707,0.1599426666666668
708,0.0066666666666666645
709,0
710,0
711,0.5948004358279129
712,0.011753778040367391
713,1.0700209163687084
714,0.0066666666666666645
715,0
716,0
717,0.0066666666666666645
718,1.0605723951969188
719,0.08439325934114783
720,0.0066666666666666645
721,0
722,0
723,0.006666666666666668
724,0.06423161799001095
725,0.9702245326075131
726,0.2627008683025948
727,0
728,0
729,0.3084729413669139
730,0
731,0.006666666666666668
732,0.08491826135238005
733,0
734,0.43045195886287785
735,0.43725549860324064
736,0
737,0
738,0.0066666666666666645
739,0.9350698131987558
740,0
741,0.43965691546628516
742,0
743,0.3995410510213606
744,0.3600705821613242
745,0.05022173057773121
746,0.007832994226702548
747,1.0514270354638229
748,0.0066666666666666645
749,0
750,0.013333333333333332
751,0
752,0
753,0.006666666666666668
754,0
755,0.013333333333333332
756,0.013333333333333332
757,0
758,0.013333333333333332
759,0
760,0
761,0
762,0
763,0.013333333333333329
764,0.007830909398020227
765,0.5775215268404857
766,0.26245913067619
767,0
768,0.013333333333333332
769,0
770,0
771,0.013333333333333329
772,0.007833169381262953
773,0.28953928778515686
774,0.0066666666666666645
775,0.9039665677200434
776,0
777,0.7554615954648009
778,0.0066666666666666645
779,0.6244731112439242
780,0.08439325934114777
781,1.4458622692076737
782,0.013333333333333332
783,0.8622966749069346
784,0
785,0.8769942212290498
786,0.0849672496128258
787,1.491933885701969
788,0
789,0.60010241206759
790,0
791,0.6706961557466491
792,0.0066666666666666645
793,0
794,0
795,1.0185006012177893
796,0.08439325934114783
797,0.31725656143645004
798,0
799,0
800,1.0695801875492637
801,0.35409896456291373
802,0.08439325934114784
803,1.348591150922084
804,0.23683918747655655
805,1.14087023194018
806,0
807,0
808,0.07454622129197963
809,1.5150573350860688
810,0.08491826135238005
811,1.199784930679013
812,0.0066666666666666645
813,0.5768593127155587
814,0
815,1.1693302926604328
816,0.10666666666666669
817,0.825093472506705
818,0.6849325420148025
819,0.7917945229258391
820,0.0066666666666666645
821,0.7667926365760979
822,0.013333333333333332
823,0.9883094432188511
824,0
825,0.5939042197376798
826,0
827,0.013333333333333332
828,0.013333333333333332
829,0.4876815901111434
830,0.053748384988657034
831,0.8936758020388995
832,0.013333333333333332
833,0.5870547958524258
834,0.23885919895736799
835,0.38854926916522126
836,0
837,0.5579028190962613
838,0.9105528032677399
839,0.3378286076091228
840,0
841,1.1081516141756056
842,0
843,0.5971878543082849
844,0.013333333333333332
845,0
846,0.013333333333333332
847,0.68631868205181
848,0
849,1.1167810886650973
850,0
851,1.208801058900926
852,0.013333333333333332
853,0.5365838445408344
854,0
855,0.5476515518303791
856,0.0066666666666666645
857,0.5245209454561583
858,0
859,0.5301676883569743
860,0.08439325934114775
861,0.3140738204006257
862,0
863,0
864,0.18236868859689953
865,0.351790379980783
866,0.23889121009339975
867,0.33444971781361427
868,0.7688309949118788
869,0.7958451725386819
870,0.1423610433604175
871,0.8306464529242374
872,0.5684632370201538
873,0.6656860016555859
874,0.053748384988657034
875,0.3280264606194697
876,0
877,0
878,0.418082538430298
879,0.6522015181777606
880,0.08491826135237998
881,0.974743669663194
882,0.07258594062806474
883,0.6179121340051928
884,0.41088602056573514
885,0.7118048173847313
886,0.8033688652325282
887,0.5032626635637771
888,0.8038157243302445
889,0.3038536341297831
890,0.3286741014751353
891,0.5455821357137831
892,0.46075906768625957
893,0.8032991168799523
894,0.1917364347167698
895,0.8157373131333395
896,0.6114922077723111
897,0.8153545719816216
898,0.2379127633088919
899,0.8041620061820739
900,0.8278766959846403
901,0.808167890550596
902,0.5913502007471318
903,0.8073950503586622
904,0.4060702465216765
905,0.34999047436352604
906,0.8033401670619434
907,0.8199065624491747
908,0.3489506992372471
909,0.8947253455140964
910,1.2294422871897313
911,0.40290052684334865
912,0.3359044702698194
913,0.386814683719696
914,0.8045610486674637
915,0.15650772042557531
916,0.18477129428616573
917,0.3121418387798618
918,0.4568576446049679
919,0.8071657730358465
920,0.35363999744160934
921,0.24760468743397107
922,0.3743177066460938
923,0.12289528390629682
924,0.8034918578374713
925,0.3434771926496402
926,0.7794327051594784
927,0.779315229615362
928,0.7154100808268483
929,0.4479231906532052
930,0.5880718694812881
931,0.17069298245449363
932,0.2592095579242602
933,0.3650349730576569
934,0.29430248850158236
935,0.8049881644626833
936,0.7794723634941924
937,0.7785943246005016
938,0.7788811408020554
939,0.743958551250692
940,0.5112173702506868
941,0.30409886573182393
942,0.14264405636978575
943,0.27398485230942643
944,0.7794316013325209
945,0.2620978061276586
946,0.8037443965849951
947,0.778286805789985
948,0.6018418225376598
949,0.544035271117616
950,0.363622142058631
951,0.6802733476989105
952,0.13004444718024474
953,0.2007756943828557
954,0.126119721533678
955,0.7779798856143748
956,0.7793143512784528
957,0.8054124297826826
958,0.7003797532560077
959,0.5218066328356766
960,0.32462648765195695
961,0.10969740878547944
962,0.22751870092668414
963,0.13129574079498774
964,0.3225130854537242
965,0.7776956507755604
966,0.8040781339228726
967,0.7480966186488538
968,0.3301389693838595
969,0.33438038863794034
970,0.11769632549607376
971,0.20614096510617266
972,0.7791289400516451
973,0.1976056856335845
974,0.3240108333536201
975,0.31871840690034375
976,0.8058053288636159
977,0.2644303720637908
978,0.3976416312897679
979,0.1970304147490431
980,0.24804491111971705
981,0.7774536674910103
982,0.22913396677501255
983,0.3529542051425485
984,0.8044738422676582
985,0.1135404856701882
986,0.29322731824983816
987,0.17420418900404697
988,0.24545567636208065
989,0.7788885125799456
990,0.24143280719670526
991,0.08044047457934697
992,0.3434052555298951
993,0.8061421508846247
994,0.38264607268371836
995,0.5574335278116496
996,0.6049208297519089
997,0.7772707748698505
998,0.26902087463348884
999,0.19430092023291343
1000,0.33949989944860176
1001,0.8049014609790582
1002,0.33253100953030096
1003,0.14694541932509275
1004,0.4221881252257573
1005,0.7786089127487419
1006,0.456295138609166
1007,0.35010188658640506
1008,0.7539454674704004
1009,0.8063971707733244
1010,0.34785244637253454
1011,0.19700121422754793
1012,0.38943562097069445
1013,0.777158866326499
1014,0.5326150882571619
1015,0.32529341508333603
1016,0.8560890649610385
1017,0.8053340296200081
1018,0.7167826342603262
1019,0.15973985830825604
1020,0.36972675932346794
1021,0.7783090461918782
1022,0.8211190992935998
1023,0.3243345844851832
1024,0.6521264257260356
1025,0.8065554628677298
1026,0.5906545965705469
1027,0
1028,0.5694417005760872
1029,0.7771254145200761
1030,0.6157910543934605
1031,0.4116963596575304
1032,0.631442029344993
1033,0.8057393492866592
1034,0.4775634324591129
1035,0.0706203437838761
1036,0.4270378988029533
1037,0.778008524626962
1038,0.4764763664242838
1039,0.36887168083912303
1040,0.5687048086449022
1041,0.2437560453755129
1042,0.8066025524452686
1043,0.4431851883900544
1044,0
1045,0.751706974580422
1046,0.777171656792186
1047,0.6137814359088221
1048,0
1049,0
1050,0.24284171065375065
1051,0.806090255638977
1052,0.80974978438935
1053,0
1054,0.5049451450016157
1055,0.7777270502056334
1056,0.8656706304028283
1057,0
1058,0
1059,0.6760722880131159
1060,0.8065373903728483
1061,1.0374269986368063
1062,0
1063,0.6359400608578384
1064,0.7772939249640383
1065,0.6936051315741311
1066,0
1067,0.7162339687729957
1068,0.9085147723010606
1069,0
1070,0.5555960589816258
1071,0.7732322829618451
1072,0
1073,0.6761052745491913
1074,0.6500000000000001
1075,0
1076,0
1077,0
1078,0
1079,0.7475338671640916
1080,0.041499665326629305
1081,0.04149966532662918
1082,0
1083,0.795618877543103
1084,0.05280993172584946
1085,0.05280993172584968
1086,0
1087,0.6075073906382249
1088,0.06048045267320307
1089,0.06048045267320307
1090,0
1091,1.2669131225235115
1092,0
1093,0.746729749040647
1094,0.04027681991198203
1095,0.040276819911982197
1096,0
1097,0.9655327585429974
1098,0.013612282811245682
1099,0.03915095929149696
1100,0
1101,0.9927994655979506
1102,0
1103,0.7464647818396063
1104,0.051041833083810266
1105,0.05098563906848904
1106,0
1107,0.8798461741459195
1108,0.012479530039228356
1109,0.05964381271440571
1110,0
1111,1.2684266682479348
1112,0
1113,0.8067548891763282
1114,0.013336097417660567
1115,0.03904390932726346
1116,0
1117,0.9572074136489215
1118,0.010473080333248065
1119,0.20017083902756658
1120,0
1121,0.872375435450677
1122,0
1123,1.0215328370487653
1124,0.009556602662266746
1125,0.2001731696720505
1126,0
1127,0.8798901504413092
1128,0.009302163505813674
1129,0.22960409213699554
1130,0
1131,0.8719247279609179
1132,0
1133,0.8799570592355694
1134,0.00898865310019006
1135,0.21925991132986133
1136,0
1137,0.9030404284975065
1138,0.007167448213199
1139,0.19994329425364596
1140,0
1141,0.9111637458421846
1142,0
1143,1.0211694135380673
1144,0.007526249080532839
1145,0.19994229510286202
1146,0
1147,0.8799039578018345
1148,0.0073545532759569255
1149,0.3996052208930711
1150,0
1151,0.871914731566984
1152,0
1153,0.8798167831304425
1154,0.007004073140363149
1155,0.3996042217407118
1156,0
1157,1.0548697413145722
1158,0.00666880963057797
1159,0.1995543205348137
1160,0
1161,0.9786565596709158
1162,0
1163,0.8796294147412747
1164,0.0070453855426401805
1165,0.1995536540718922
1166,0
1167,0.8902605802310688
1168,0.007004136309670415
1169,0.05813794432114802
1170,0
1171,0.9780417996285784
1172,0
1173,0.9014770514596768
1174,0.006642018660685163
1175,0.3991205367264101
1176,0
1177,0.9003688253717222
1178,0.006570629903847533
1179,0.09748885246928449
1180,0
1181,1.0670597178020644
1182,0
1183,0.8793769749986788
1184,0.006956388909963752
1185,0.12386219110272327
1186,0
1187,0.8777767853512319
1188,0.007053844814472882
1189,0.3984839898794209
1190,0
1191,0.9612834476701195
1192,0
1193,0.9014484197311597
1194,0.006685266353872704
1195,0.3984866514780918
1196,0
1197,0.8794777984704272
1198,0.006894562994773024
1199,0.1983262764946245
1200,0
1201,1.143224045055866
1202,0
1203,1.1403002169994882
1204,0.007279372332526692
1205,0.04783898118341024
1206,0
1207,0.9002915022927747
1208,0.007495243654774922
1209,0.3977098644937876
1210,0
1211,1.1426605215584378
1212,0
1213,0.8770721233834609
1214,0.007130359793010333
1215,0.2346996446398908
1216,0
1217,0.9208754452963981
1218,0.008807178467338571
1219,0.19751192892160563
1220,0
1221,0.8302803105912997
1222,0
1223,0.8546704261662839
1224,0.00880816024427857
1225,0.4286049464968405
1226,0
1227,0.8539237148897638
1228,0.008262627702828793
1229,0.4674128386577619
1230,0
1231,0.23436898320146565
1232,0.009495415051486693
1233,0.19720917769774857
1234,0
1235,0.49316812298579626
1236,0.012276337858751851
1237,1.278133686069393
1238,0
1239,1.329153151061323
1240,0
1241,1.3356364460138266
1242,0
1243,0.7765696919261157
1244,0
1245,0.015835109935414607
1246,0
1247,1.2182610548882098
1248,0
1249,0.2349106210474292
1250,0
1251,1.1381424259809394
1252,0
1253,0.49364228978065583
1254,0
1255,0.016557359256703756
1256,0
1257,0.23515943441749376
1258,0
1259,1.8507396436297652
1260,0
1261,0.7765853671568318
1262,0
1263,0.7582967288208302
1264,0
1265,0
1266,0
1267,1.3357376097240141
1268,0
1269,0.016433631778899088
1270,0
1271,1.5464375694108845
1272,0
1273,0.49397294927713975
1274,0
1275,0.017518927840100958
1276,0
1277,0.23581291915037697
1278,0
1279,0.30892980190993424
1280,0
1281,0.7764334679630388
1282,0
1283,0.017753561401714423
1284,0
1285,0
1286,0
1287,0.3044317273706681
1288,0
1289,0.1267578765843937
1290,0
1291,0.017753561401714475
1292,0
1293,0.7876434063739834
1294,0
1295,0.018415415441658818
1296,0
1297,0.017638003534036044
1298,0
1299,0.015318016168333741
1300,0
1301,0.7761154274829944
1302,0
1303,0.018615812866127186
1304,0
1305,0.015736021288750107
1306,0
1307,0.160189102406811
1308,0
1309,0.018190788902323233
1310,0
1311,0.018615812866127197
1312,0
1313,0.016453914458267997
1314,0
1315,0.019242874609117507
1316,0
1317,0.018454570505854497
1318,0
1319,0.30852610959528226
1320,0
1321,0.01645391445826796
1322,0
1323,0.019408836821864856
1324,0
1325,0.01663917598119962
1326,0
1327,0.16056862090250293
1328,0
1329,0.018956666986108588
1330,0
1331,0.019408836821864877
1332,0
1333,0.487465098465749
1334,0
1335,0.6916244967064459
1336,0
1337,0.3081202158106838
1338,0
1339,0.7657313134804169
1340,0
1341,0.45609453211173484
1342,0
1343,1.0557683335109294
1344,0
1345,0.23969888517795726
1346,0
1347,0
1348,0
1349,0.49143037185636895
1350,0
1351,0.6823978243111241
1352,0
1353,0.29084523689106906
1354,0
1355,0.3117513254003725
1356,0
1357,0.7470204885964568
1358,0
1359,0.45937572394004944
1360,0
1361,0
1362,0
1363,0.28717519435896793
1364,0
1365,0.24803975790093716
1366,0
1367,0
1368,0
1369,0.49133301967674303
1370,0
1371,0.682008250194315
1372,0
1373,0.29771150690335524
1374,0
1375,0.30367339070656524
1376,0
1377,0.7784963745694963
1378,0
1379,0.45940294929506065
1380,0
1381,1.1024379208386799
1382,0
1383,1.3219032361489247
1384,0
1385,0.24831783609228625
1386,0
1387,0
1388,0
1389,0.4910871801855102
1390,0
1391,0.6814617399689844
1392,0
1393,1.3070559711353011
1394,0
1395,0.3035710547856411
1396,0
1397,0.8115486133780827
1398,0
1399,0.45926419327030304
1400,0
1401,1.1031815785585295
1402,0
1403,0.9885508258697003
1404,0
1405,0.24843276903487055
1406,0
1407,0
1408,0
1409,0.49069412341305996
1410,0
1411,1.0312461244126423
1412,0
1413,0.9919631580394842
1414,0
1415,0.30333968042700193
1416,0
1417,0.8123065448167405
1418,0
1419,0.45896038503823455
1420,0
1421,1.1037802395495722
1422,0
1423,1.1558651064088556
1424,0
1425,0.24838300994253035
1426,0
1427,0.7149632636491038
1428,0
1429,0.490160174727949
1430,0
1431,0.07576137195534109
1432,0
1433,1.1503135139801215
1434,0
1435,0.3029821254922109
1436,0
1437,0.8129189772394295
1438,0
1439,0.4584975872666435
1440,0
1441,1.9308492617581519
1442,0
1443,2.0631040042915916
1444,0
1445,0.07995311175655143
1446,0
1447,0.7158078216458196
1448,0.7970137051303865
1449,0.08136255997488442
1450,0.4192383436850425
1451,0.07608031408759221
1452,0
1453,2.0542003878255564
1454,0
1455,0.3025075857979985
1456,0.3588636192368766
1457,0.07711678824426695
1458,0.7966315876933188
1459,0.08203371840421607
1460,0.4462008947210761
1461,0.4815963841475221
1462,0.4252737219237638
1463,0.8936163935087098
1464,0.9038856508454677
1465,0.1358932754890226
1466,0.6625945348566414
1467,0.07829010142270723
1468,0.44159512107158166
1469,0.13405178757418532
1470,0.3862393338843862
1471,0.06836965222150022
1472,0.41659137820534914
1473,1.1418046936045225
1474,0.20433168966776885
1475,0.08262770492933247
1476,0.29885507584692
1477,0.07790047711378624
1478,0.4635494950902139
1479,0.04783912898106182
1480,0.25847000826169425
1481,0.09008342419051871
1482,0.7770823822941757
1483,0.047542036184366164
1484,0.3593043979646159
1485,0.07906341801504807
1486,1.0699149615769492
1487,0.08101892319562001
1488,0.8695538043638896
1489,0.07259072613633231
1490,0.3114277933677141
1491,0.07188187831049254
1492,0.34783548968047295
1493,0.07259072613633236
1494,0.8556674434454734
1495,0.09639312027428523
1496,1.2468203239424966
1497,0.04871141392140268
1498,0.37484644933836947
1499,0.05331590929127571
1500,0.36166598953656875
1501,0.04871141392140263
1502,0.9207753600113856
1503,0.07846541550462505
1504,0.34447439814358977
1505,0.029281746957599365
1506,0.8545057458170002
1507,0.08018028613757479
1508,0.35434344382842964
1509,0.0839368119109714
1510,0.473797365586627
1511,0.0733663081658665
1512,0.9566541839016652
1513,0.049246293858298124
1514,1.1761815511917002
1515,0.04946991570753999
1516,0.3816517470477073
1517,0.05385182548231549
1518,0.3270038681354729
1519,0.049469915707539905
1520,1.0417612835181351
1521,0.07351815451981956
1522,0.332876664036587
1523,0.030050144013335556
1524,0.4083213419183049
1525,0.08714438193723233
1526,1.1007565312291698
1527,0.07400437058339487
1528,0.7212665138674559
1529,0.07400437058339489
1530,0.9475301840074086
1531,0.04992124139860549
1532,0.9984320649875776
1533,0.05010588444262586
1534,0.47289796348326607
1535,0.054327912457593795
1536,0.6113449016796785
1537,0.05010588444262585
1538,0.8534518571943902
1539,0.038119181891944166
1540,0.35251028310798693
1541,0.030730405952411118
1542,0.47107463807353406
1543,0.03606927551408674
1544,0.9024177205402779
1545,0.03859050128665806
1546,0.4894367145471849
1547,0.038590501286657995
1548,1.0564745954038401
1549,0.0504655704218236
1550,1.0798307766570547
1551,0.05061277390584757
1552,0.377366644339584
1553,0.05473499050475431
1554,0.47049805986577997
1555,0.05061277390584746
1556,0.9165677795797882
1557,0.03869358714165554
1558,0.44400033765921715
1559,0.031314305037793796
1560,0.38460088412050303
1561,0.0366435090159226
1562,0.98282824024752
1563,0.03904231564739867
1564,0.34712612062595627
1565,0.03904231564739862
1566,1.2101544792386245
1567,0.05087693705403296
1568,1.424880446550501
1569,0.05098572547183074
1570,0.38151933943170135
1571,0.05506865667913494
1572,0.29983103760055263
1573,0.15999758950163398
1574,0.7691618280288367
1575,0.03915095929149696
1576,0.08534564964829133
1577,0.7666354721840537
1578,0.5047054317147476
1579,0.03712898328799217
1580,0.7543091813712096
1581,0.1599426666666668
1582,0
1583,0.47899199714956975
1584,0
1585,0.9969954864491617
1586,0.009274774522566294
1587,1.308663957632365
1588,0.0066666666666666645
1589,0
1590,0
1591,0.0066666666666666645
1592,0.5478488091278119
1593,1.0864946725204474
1594,0.006666666666666668
1595,0.2561249694973139
1596,0
1597,0.2620432534271139
1598,0.011750716332774738
1599,0.769081426836585
1600,0.2627021601127738
1601,0.15999625663155737
1602,0.006666666666666668
1603,0
1604,0
1605,0
1606,0.0849182613523801
1607,0.8810764917402881
1608,0.15999758950163398
1609,0.3677773075029319
1610,0.0066666666666666645
1611,0.8388616625456722
1612,0.013333333333333329
1613,0.4637168676394395
1614,0
1615,0.9716423667630438
1616,0
1617,0.844116895538369
1618,0.007833169381263008
1619,1.4334708966355578
1620,0.48281081533588216
1621,0.050221730577731036
1622,0.006666666666666668
1623,0.9828303798497252
1624,0.013333333333333332
1625,0
1626,0
1627,0.013333333333333332
1628,0
1629,0.0066666666666666645
1630,0.013333333333333329
1631,0
1632,0.013333333333333329
1633,0.3149603149604725
1634,0
1635,0.32468788431695794
1636,0
1637,0.013333333333333332
1638,0.007830471626210674
1639,1.1504004734372328
1640,0.26245913067619
1641,0.15999625663155714
1642,0.013333333333333329
1643,0.9919229360747289
1644,0
1645,0.013333333333333332
1646,0.007833169381263065
1647,0.6979277464643444
1648,0.0066666666666666645
1649,0.8040453276332677
1650,0
1651,0.8095266106394116
1652,0.013333333333333332
1653,0.7281635957820347
1654,0.006666666666666668
1655,0.7001114532642536
1656,0.08439325934114775
1657,1.4034301779321292
1658,0
1659,0.7248769401481399
1660,0.07496974696685123
1661,1.4473803775568783
1662,0
1663,0.7053313702753872
1664,0
1665,0.74027022093287
1666,0
1667,0.9349034412410965
1668,0
1669,0.939621673275414
1670,0.06134517182570064
1671,1.058157309116929
1672,0
1673,0
1674,0.24564326906815545
1675,0.3541000859273966
1676,0.2392058651745163
1677,0.3470321322934359
1678,0.061345171825700706
1679,1.4606438509260673
1680,0
1681,0
1682,0.06965345559772437
1683,1.490275382266342
1684,0.0849182613523801
1685,0.5008758868973586
1686,0.006666666666666668
1687,0.7544239892497823
1688,0
1689,0.7602631123499286
1690,0.10666666666666669
1691,0.8389230231246094
1692,0.8416029937184761
1693,0.8603892559992626
1694,0.006666666666666668
1695,0.6979652968132124
1696,0.013333333333333332
1697,0.8737403631641508
1698,0
1699,0.8838551917593741
1700,0
1701,0.7042726744663605
1702,0.013333333333333329
1703,0.6887347497807524
1704,0.27830838211515585
1705,0.5702327697388755
1706,0.013333333333333329
1707,0.6808491430232955
1708,0.605582271275781
1709,0.3996339544902434
1710,0
1711,0.7054391855039275
1712,0.45450162222608165
1713,0.4007684478271032
1714,0
1715,0.6937819061732106
1716,0
1717,0.8745215187015241
1718,0.013333333333333329
1719,0.8347188482091173
1720,0.013333333333333329
1721,0.9309970760188001
1722,0
1723,0.9404963228707135
1724,0
1725,0.8453007354387747
1726,0.013333333333333329
1727,0.6901529621113796
1728,0
1729,0.35812395030469607
1730,0.006666666666666668
1731,0.6729371771899993
1732,0
1733,0.6794769229995152
1734,0.0843932593411476
1735,0.48872637976286265
1736,0
1737,0.780227886937884
1738,0.2312301973218301
1739,0.3500568865577346
1740,0.32887707343401007
1741,0.8390172399882588
1742,0.24010669562000034
1743,0.4693136147327867
1744,0.14236104336041752
1745,0.8546746308353358
1746,0.5047001309908907
1747,0.3280264606194697
1748,0.41347137242438237
1749,0.7964704115118065
1750,0
1751,0.834053022561782
1752,0.5912604375598144
1753,0.865948572517884
1754,0.08491826135238004
1755,0.3141587055078473
1756,0.6210551301214693
1757,0.8048671225653661
1758,0.58043873188489
1759,0.7933623777079173
1760,1.0463589222526741
1761,0.9155267062188845
1762,0.2676943602371917
1763,0.4127307035615617
1764,0.36190136298392345
1765,0.9157500117693451
1766,0.2721156086540367
1767,0.40984597048294164
1768,0.27624249402425183
1769,0.4194545052787857
1770,0.9150609204066992
1771,0.5850416002138861
1772,1.0554242880335958
1773,0.953125135426788
1774,0.952907228907702
1775,0.4202834065536553
1776,0.4851673987625681
1777,0.9154186340564505
1778,0.5749501498743893
1779,0.9729097106277528
1780,0.9724869336628069
1781,0.9725011259647295
1782,0.43056654838920383
1783,0.7662306361324343
1784,0.9144428205196867
1785,0.60195504749913
1786,1.0547359700439518
1787,0.303048788014217
1788,0.45149905944655117
1789,0.14238137382130067
1790,0.4530838327056813
1791,0.3558801869782867
1792,0.20853679161101643
1793,0.9149065604991826
1794,0.7218383061415998
1795,1.048480206580723
1796,0.2932899135165229
1797,0.3416346646108404
1798,0.19451395584138972
1799,0.4823555125394376
1800,0.34141029816595675
1801,0.2948210082032968
1802,0.6961643630998412
1803,0.8416010936721605
1804,0.913709801225507
1805,0.6136074991330729
1806,0.4765359205797735
1807,0.4792134264249533
1808,0.9752700018723589
1809,0.9754304455269991
1810,0
1811,0.10447685675155763
1812,0.4579461396956037
1813,0
1814,0.16647222968949513
1815,0.914251736837897
1816,0.6987111613379389
1817,0.31329993271154766
1818,0.6478270308606281
1819,0.9756258568819071
1820,0.9761193426694527
1821,0.9767837710241254
1822,0.18022670916358605
1823,0.18043669090785
1824,0.14024327919083657
1825,0.977572707208409
1826,0.9771049893367538
1827,0.912918978539595
1828,0.47782989636533213
1829,0.5802972022766169
1830,0.7437439833254134
1831,0.42041621665172724
1832,0.7797309830822964
1833,0.13408967133605074
1834,0.2746947805910214
1835,0.13130279628397312
1836,0.3363842893740364
1837,1.0261298250698538
1838,0.9135036240881709
1839,0.38132806648597434
1840,0.33172912402763766
1841,0.5315527862556124
1842,0.2015811916927941
1843,0.29617613566713324
1844,0
1845,0.31041669624486345
1846,0.29540684231898007
1847,0.6457714058506484
1848,0.9121230023290595
1849,0.27355636377938997
1850,0.4603137177986669
1851,0.11189915738682603
1852,0.18203036230095143
1853,1.0026394138327832
1854,0.28790234438377044
1855,0.3424984822823879
1856,0.31818204548903045
1857,1.0465706166119684
1858,0.6514557273917775
1859,0.11861859255572998
1860,0.15300338251527076
1861,0
1862,0.2414308984683346
1863,0.20690108655915754
1864,0.2932281972905839
1865,0.319723002397471
1866,0.911370837170273
1867,0.34095899671831265
1868,0.4775227736637863
1869,0.3495003410021325
1870,0
1871,0.2579446649076453
1872,0.21261197519049835
1873,0.3662547042302199
1874,0.9119176081264749
1875,0.11552227632029338
1876,0.4927428699339827
1877,0.5200058290779164
1878,1.0038865682923046
1879,0.37325825983719574
1880,0.32595268942424777
1881,0.7715464980109885
1882,0.9107217635907126
1883,0.32947658811484887
1884,0.1970009822702951
1885,0.4930319464252479
1886,0.9808636654097245
1887,0.49657687177476545
1888,0.3386104640058494
1889,0.6545139400469864
1890,0.9111913290242005
1891,0.3301995583166674
1892,0.25107581717971617
1893,0.5091370028218181
1894,1.0041369402919738
1895,0.5747185665215422
1896,0.34951342368163096
1897,0.6746660856907961
1898,0.9102141467320265
1899,0.7526672488168759
1900,0
1901,0.7057267761516528
1902,0.9814378824007264
1903,0.6249084183949115
1904,0.4316437732043039
1905,0.7989531932541913
1906,0.9791549101489869
1907,0.5658842689811178
1908,0.0694307194259141
1909,0.7336144770752151
1910,0
1911,0.7634610479763053
1912,0.3823168130197865
1913,0.6442723277979218
1914,0.4954296714323083
1915,0.9098856465512576
1916,0.19154461704643397
1917,0
1918,0.5065559622123178
1919,1.0262179524279649
1920,0.5695617720815875
1921,0
1922,0
1923,0.24283995640125478
1924,0.9101134442230571
1925,0.6424637354636829
1926,0
1927,0.6350646427916253
1928,0
1929,0.5039950387915111
1930,0
1931,0
1932,0.79922034871084
1933,0.9097565122114328
1934,0.8614004812043218
1935,0
1936,0.6249279288813607
1937,0.9819847677619828
1938,0.6344395656342514
1939,0
1940,0.6700397531838671
1941,0.5803670950342156
1942,0.8441481911448965
1943,0
1944,0.6253587257956039
1945,0.6727182346089936
1946,0
1947,0.7768901498456897
1948,0.7632168761236874
1949,0
1950,0
1951,0.7698642398019528
1952,0.7632168761236874
1953,0
1954,0.04149966532662918
1955,0.041499665326629305
1956,0
1957,0.8101612446218706
1958,0
1959,0.6071361731230868
1960,0.05280993172584937
1961,0.052809931725849774
1962,0.06048045267320307
1963,0.06048045267320307
1964,0.040276819911981884
1965,0.04027681991198228
1966,0
1967,1.0237317959024579
1968,0
1969,0.768842477220873
1970,0
1971,1.1026214957361746
1972,0.013607795927335051
1973,0.039150959291496916
1974,0.013827200572301957
1975,0.05098433226110857
1976,0
1977,0.8798404338695628
1978,0
1979,0.8411268774352313
1980,0
1981,0.9926710812729527
1982,0.013558236168469674
1983,0.013475679376813186
1984,0.013335638154959266
1985,0.03904186430544076
1986,0
1987,0.9894630229478134
1988,0
1989,0.6055570797563107
1990,0
1991,0.9777063139627784
1992,0.010473080333248064
1993,0.20017083902756658
1994,0.009556810305861724
1995,0.20017084035060312
1996,0
1997,0.8909034802401387
1998,0
1999,0.9655573578118002
2000,0
2001,1.0983205453732439
2002,0.00930216350581353
2003,0.5657231231524008
2004,0.008988443691763468
2005,0.39992825243063584
2006,0
2007,1.0244485162109214
2008,0
2009,0.8800038600648034
2010,0
2011,0.8808366411646039
2012,0.0071674482131989965
2013,0.19994329425364554
2014,0.007525115739235405
2015,0.19994329298578628
2016,0
2017,0.8799247703063039
2018,0
2019,0.965421014089135
2020,0
2021,0.8810825478467623
2022,0.007354553275957084
2023,0.1835097869423025
2024,0.007002442399303064
2025,0.3996052211771013
2026,0
2027,0.9497464589065927
2028,0
2029,0.9834160943920875
2030,0
2031,1.037355254718439
2032,0.0066688096305779695
2033,0.19955432053481326
2034,0.007044327434184339
2035,0.19955431904259935
2036,0
2037,0.9029919443810633
2038,0
2039,0.9035438040936804
2040,0
2041,0.9302255003966292
2042,0.0070041363096704145
2043,0.058137944321147654
2044,0.006640658283968901
2045,0.03733964031547288
2046,0
2047,0.9002826327020138
2048,0
2049,0.9804987231712134
2050,0
2051,0.930068722558349
2052,0.0065706299038473335
2053,0.19901170669083748
2054,0.006956984947199055
2055,0.04871001624580591
2056,0
2057,0.877736251440051
2058,0
2059,0.9034247292325008
2060,0
2061,1.066163496908057
2062,0.0070538448144730845
2063,0.08125279329920843
2064,0.23168350781529926
2065,0.39848398689031445
2066,0
2067,0.8794537554989578
2068,0
2069,0.8792985832857787
2070,0
2071,1.0657009644914712
2072,0.006894562994772596
2073,0.19832627649462428
2074,0.007281613259894253
2075,0.19832629126573775
2076,0
2077,0.9027136319929855
2078,0
2079,0.9002832902725536
2080,0
2081,0.8310739713378155
2082,0.007495243654775138
2083,0.39770986449378726
2084,0.0071310064195424985
2085,0.3977098610272736
2086,0
2087,1.3534577132140624
2088,0
2089,1.1406481383937042
2090,0
2091,0.830810317446516
2092,0.008807178467339008
2093,0.19751192892160518
2094,0.00880717846733881
2095,0.0771177369229095
2096,0
2097,0.8780818076718303
2098,0
2099,0.8550912140069895
2100,0
2101,1.4546107006303082
2102,0.009492455846618467
2103,1.9229292768874453
2104,0.009492455846618703
2105,0.046536047443531924
2106,0
2107,1.221392736808636
2108,0
2109,0.85477521202576
2110,0
2111,1.3309051170449544
2112,0
2113,0.4331543518241527
2114,0
2115,0.39614737369766273
2116,0
2117,1.137789105451641
2118,0
2119,1.5657764080895098
2120,0
2121,1.8513266768790428
2122,0
2123,1.2204004735825227
2124,0.01437329313537982
2125,1.680368551012938
2126,0
2127,1.528128924466324
2128,0
2129,0.6996810857105624
2130,0
2131,0.01578536845731929
2132,0
2133,1.2098994110356485
2134,0
2135,1.1385445830863348
2136,0
2137,1.2101151502356249
2138,0
2139,1.0384655665747635
2140,0
2141,0.3136415608587115
2142,0
2143,0.016433631778899095
2144,0
2145,1.0152111394133372
2146,0
2147,1.2200907751945256
2148,0
2149,0.017518927840101124
2150,0
2151,1.2198413556025323
2152,0
2153,1.246226052760286
2154,0
2155,1.0380676094174002
2156,0
2157,0.017753638619230225
2158,0
2159,0.014777109073007489
2160,0
2161,0.3145896956829465
2162,0
2163,0.017348617841199936
2164,0
2165,0.017752641659451573
2166,0
2167,0.01552053544680583
2168,0
2169,0.018416834186266797
2170,0
2171,0.017638026939919747
2172,0
2173,0.8708634240899953
2174,0
2175,0.015520517005277784
2176,0
2177,0.018616033928370003
2178,0
2179,1.037069609433448
2180,0
2181,0.3154496758639429
2182,0
2183,0.018190883015645126
2184,0
2185,0.018616997293393684
2186,0
2187,0.016453576726995007
2188,0
2189,0.01924603742476766
2190,0
2191,0.01845466327396831
2192,0
2193,0.016442828119139233
2194,0
2195,0.0164557643024498
2196,0
2197,0.019409334584163416
2198,0
2199,0.016641092031474555
2200,0
2201,0.16673955578117042
2202,0
2203,0.01895662881421687
2204,0
2205,0.01940965823730268
2206,0
2207,0
2208,0
2209,0.7087626150160888
2210,0
2211,0.6065517192838729
2212,0
2213,0
2214,0
2215,0.60884225287745
2216,0
2217,0
2218,0
2219,0.7341359244414862
2220,0
2221,0.7151301357872645
2222,0
2223,0.7365399272892288
2224,0
2225,0.7225049877275744
2226,0
2227,0.3529744350830837
2228,0
2229,0.6088422528774502
2230,0
2231,1.085076616876072
2232,0
2233,0.6242537946917992
2234,0
2235,0
2236,0
2237,0
2238,0
2239,0
2240,0
2241,0.7230051520954437
2242,0
2243,0
2244,0
2245,0.7228549324263558
2246,0
2247,0
2248,0
2249,0.6242541731257301
2250,0
2251,1.0849949324591335
2252,0
2253,0.6245513361325873
2254,0
2255,0
2256,0
2257,0
2258,0
2259,0
2260,0
2261,0.7233209078478086
2262,0
2263,0
2264,0
2265,0.7230440994214823
2266,0
2267,0
2268,0
2269,0.6245516827581205
2270,0
2271,0
2272,0
2273,0.6247246466718135
2274,0
2275,0
2276,0
2277,0
2278,0
2279,0.7358521417942754
2280,0
2281,0.7234711095297602
2282,0
2283,0
2284,0
2285,1.3521414688187114
2286,0
2287,0
2288,0
2289,0.6247249600485534
2290,0
2291,0
2292,0
2293,0.6247660642468061
2294,0
2295,1.0458908672079512
2296,0
2297,0.3754214208569112
2298,0
2299,0
2300,0
2301,1.3526672851272201
2302,0
2303,0
2304,0
2305,0.0768639728062216
2306,0
2307,0.38362133456212005
2308,0
2309,0
2310,0
2311,1.1906332279019622
2312,0.057862401686145835
2313,0
2314,0
2315,1.1727372058318157
2316,0
2317,0.3760672210472778
2318,0
2319,0.07995311175655104
2320,0
2321,0.08111637400673202
2322,0.7970137660619309
2323,0.07093979581306951
2324,0
2325,0.07608031408759199
2326,0
2327,0.3841279734793251
2328,0
2329,0
2330,0.4293910094517582
2331,0.07093695238026522
2332,0.8368406360151389
2333,0.08203382146407667
2334,0.446203544134662
2335,1.300291714878584
2336,0.2423692057130778
2337,1.0497180695319666
2338,0.9857577080743891
2339,0.07894477921712205
2340,0.31278762688541484
2341,0.0791313246761357
2342,0.46368922129709095
2343,0.07681126354903947
2344,0.29030526227607434
2345,0.0527347819280597
2346,0
2347,0.4024155135385846
2348,0.9319416796947246
2349,0.34767073064564163
2350,0.3037276232956125
2351,0.07905709351404774
2352,0.49592017826735507
2353,0.04783904684808566
2354,0.3171684577558042
2355,0.12891427138304842
2356,0.852185340205294
2357,0.07744964850151204
2358,0.29856808619583547
2359,0.07605952095270885
2360,1.0454424355638705
2361,0.07984106306470429
2362,1.0489984037269422
2363,0.07259008359962124
2364,0.3168501328604365
2365,0.07187872128724099
2366,0.3548274563223244
2367,0.07258663038818602
2368,0.8514238557157302
2369,0.048448691045270026
2370,0.3458010111662807
2371,0.05331590929127605
2372,0.8357406011877548
2373,0.04871134154953603
2374,0.3478362211138479
2375,0.04871008861964142
2376,0.872918022160075
2377,0.0727636850633614
2378,0.3100547678285232
2379,0.07276158813855305
2380,0.3448669565554873
2381,0.09160090326822945
2382,0.9133224315271912
2383,0.07336523977485679
2384,0.372893002894762
2385,0.07336504895157314
2386,1.1164526792551177
2387,0.0492462938582981
2388,0.36087662835785567
2389,0.05385182548231558
2390,1.4455837440277721
2391,0.04946993515706732
2392,0.32700327812073243
2393,0.049470576661508614
2394,1.039078184218673
2395,0.07351773157242822
2396,0.46220106602133393
2397,0.03005014401333577
2398,0.31792007607388906
2399,0.08714438193723197
2400,1.1039912337285032
2401,0.07915526160388592
2402,0.40236283519255384
2403,0.0380229361847704
2404,1.2967736675325516
2405,0.04992121989695428
2406,0.5327964360284967
2407,0.05432791245759428
2408,1.1358809511807622
2409,0.050105925418058084
2410,0.31720392254542734
2411,0.05010687272997365
2412,1.0796531788777146
2413,0.07413094901816239
2414,0.47897671899921834
2415,0.030730405952411544
2416,0.3559166548834011
2417,0.08512887413602183
2418,0.8383589791494783
2419,0.03859029999739434
2420,0.35075480467711223
2421,0.03858998744925081
2422,1.0808529632563075
2423,0.0773755898475953
2424,0.38685465439194294
2425,0.054734990504754596
2426,0.9023885045301226
2427,0.05061271027562587
2428,0.3619608029662471
2429,0.05061047670745237
2430,1.1042564667187376
2431,0.07641867300009929
2432,0.3501040156695065
2433,0.0313143050377938
2434,0.35562650457875
2435,0.03664350901592278
2436,1.192749995852744
2437,0.0390431124726956
2438,0.3660287022262841
2439,0.039040270542095516
2440,1.0284820601996738
2441,0.05087702439324791
2442,0.3865537334144865
2443,0.05506865667913539
2444,1.2652034599446702
2445,0.050985639068488915
2446,0.33488407431589046
2447,0.48918581698135216
2448,0.9857394358392192
2449,0.07429559324655541
2450,0.6568596108057732
2451,0.15999625663155714
2452,0.3100353891835479
2453,0.03712898328799253
2454,0.23224976941048237
2455,0.869808371820635
2456,0.0066666666666666645
2457,0
2458,0
2459,0.56710042472244
2460,0.011753778040367415
2461,1.2756960816204517
2462,0.0066666666666666645
2463,0.7496962347807575
2464,0
2465,0.7555718952481552
2466,0.36459906191124913
2467,0.08439325934114787
2468,0.0066666666666666645
2469,0
2470,0
2471,0.56710042472244
2472,0.009273147428043181
2473,1.1553901387433505
2474,0.551513876806135
2475,0.15999625663155714
2476,0.0066666666666666645
2477,0.9740180240175802
2478,0
2479,0.9785476766900814
2480,0.0849182613523801
2481,0.3115988383511519
2482,0.4304519588628779
2483,0.283345020864045
2484,0.013333333333333332
2485,0.6295765772856123
2486,0.0066666666666666645
2487,0
2488,0
2489,1.060859190572539
2490,0
2491,1.0522357150372725
2492,0.35882149886190495
2493,0.05022173057773146
2494,0.007832731593909171
2495,1.0749749934461235
2496,0.0066666666666666645
2497,0.8096364067352154
2498,0.013333333333333332
2499,0.8673074554171794
2500,0
2501,0.8150800914974895
2502,0
2503,0.013333333333333332
2504,0
2505,0
2506,0.013333333333333332
2507,1.041899973872519
2508,0
2509,1.0608591905725389
2510,0
2511,0.9716815464839199
2512,0.007830646695303563
2513,1.3044357176287973
2514,0.26245913067618987
2515,0.15999625663155737
2516,0.013333333333333332
2517,0.8792168232138318
2518,0
2519,0.8892693630166284
2520,0.007831084599211117
2521,0.4440932053450387
2522,0.0066666666666666645
2523,0.8718052789725721
2524,0
2525,0.8768630958643937
2526,0.0066666666666666645
2527,0.8436165532330961
2528,0.07368915594306592
2529,1.6426232404194618
2530,0.013333333333333332
2531,0.9505553932073375
2532,0
2533,0.9712306054119635
2534,0.08459051693633014
2535,1.5319063153221102
2536,0
2537,0.006666666666666668
2538,0
2539,0.9598611010627183
2540,0
2541,0.8743505526325748
2542,0
2543,0.5242833202695928
2544,1.1492309910004854
2545,0.7461808090431068
2546,0
2547,0.8368459303307338
2548,0.2787870553347523
2549,0.6233059324693198
2550,0.06134517182570078
2551,1.502103083933956
2552,0.24706357404365017
2553,0.3138929746618414
2554,0
2555,0.9712306054119635
2556,0.08459051693633025
2557,1.5980682125802974
2558,0.0849182613523801
2559,0.18682523974272702
2560,0.0066666666666666645
2561,0.8090048756891944
2562,0
2563,0.8144527815247078
2564,0.8033279183680853
2565,0.8303568535288952
2566,0.14189197769195172
2567,0.8310008169798302
2568,0.0066666666666666645
2569,0.874350552632575
2570,0.013333333333333332
2571,0.8083453607352629
2572,0
2573,1.0418999738725188
2574,0
2575,0.8192679659305617
2576,0.013333333333333332
2577,0.7551305994476866
2578,0.5810883651501292
2579,0.4424729927488308
2580,0.013333333333333332
2581,0.879216823213832
2582,0.24086079993685597
2583,0.5116270267819562
2584,0
2585,0.8368459303307338
2586,0.5109441248289398
2587,0.42242564317942494
2588,0
2589,0.7668115805072327
2590,0
2591,0.8892693630166286
2592,0.013333333333333332
2593,0.8109528003801728
2594,0.013333333333333332
2595,0.8963382298118396
2596,0
2597,0.9547953618101843
2598,0
2599,0.9062008607367354
2600,0
2601,0.8109528003801729
2602,0
2603,0.9547953618101842
2604,0.0066666666666666645
2605,0.8096364067352155
2606,0
2607,0.8150800914974896
2608,0.0843932593411478
2609,0.5141980268715265
2610,0
2611,0.9445578517937749
2612,0.23118034092335615
2613,0.3517903799807827
2614,0.27830838211515596
2615,0.3441259681545873
2616,0.106874796945876
2617,0.9333416695358591
2618,0.5384619108129071
2619,0.8992147709839836
2620,0.106874796945876
2621,0.5546609161885306
2622,0.5047001309908908
2623,0.5179732932860857
2624,0
2625,0.9477927574692219
2626,0.1423610433604173
2627,0.725445136218893
2628,0.08491826135238004
2629,0.3237686552500749
2630,0.3583325982545218
2631,0.8168407077364648
2632,0.1423610433604173
2633,0.6321482120794815
2634,0.899061420939761
2635,0.2903797038897144
2636,1.0008313867621477
2637,0.3614958003684072
2638,0.3809929042397539
2639,0.499145455676478
2640,0.38903115526193355
2641,0.8987343419436516
2642,0.3160472485251798
2643,1.0244533053759146
2644,0.27278784944940065
2645,0.9370052086859258
2646,0.3343125299135687
2647,1.0006092003425964
2648,1.1110047845752062
2649,0.9570204645033575
2650,0.5088953257887248
2651,0.956728438499545
2652,0.4977816524098365
2653,0.3149544403156743
2654,0.8982170908218372
2655,1.0312952333463739
2656,0.3218757308687813
2657,0.5007978585526912
2658,0.936888745828506
2659,0.35152985761378674
2660,0.5123222535059065
2661,0.6004067803182356
2662,0.8982363739449531
2663,0.5280453262444392
2664,0.1944057407641528
2665,0.4625923888603025
2666,0.4723642158117779
2667,1.4073340317511294
2668,0.3217972799798033
2669,0.5536718628994174
2670,0.16696004480072177
2671,0.18069975106807895
2672,0.8975416109512075
2673,0.43931188712037783
2674,0.9598336074867352
2675,0.9594885320934157
2676,0.6695905748159939
2677,0.47635256526472336
2678,0.5458701813050506
2679,0.17664892997475898
2680,0.2850109741236836
2681,0.856735840458505
2682,0.9168744353230118
2683,1.000085366170472
2684,0
2685,0.9598629960225804
2686,0
2687,0.6723313299548173
2688,0.4111897390078374
2689,0.5122521696928692
2690,0.15516785253549742
2691,0.3590625999564378
2692,0.9611091632021943
2693,0.19043710798426924
2694,0.8967557666264421
2695,1.0235339965333656
2696,0.43814040855620484
2697,0.4451872429801959
2698,0.30267769193955735
2699,0.4286946452645063
2700,0.12386869208152529
2701,0.4060440906901877
2702,0.11769684492092079
2703,0
2704,0
2705,0.8967837316643169
2706,0.8774506511506303
2707,0.41841199987607247
2708,0.3234428710211591
2709,0.34094406537662947
2710,0.28786817520830027
2711,0.1684930270497045
2712,0.3283126173684141
2713,0
2714,1.0006800695985802
2715,0.4690019606006679
2716,0.27355636377939013
2717,0.2967492998309302
2718,0.2171823449742862
2719,0.370655418401268
2720,0
2721,0.1237337681618674
2722,0.4128115939923222
2723,0.335628602460821
2724,0.8959466342242587
2725,0.33079800526059033
2726,0.3298205071836089
2727,0.11376169252973582
2728,0.16694673563385534
2729,0.9629264352760518
2730,0.3689623284550862
2731,0.3793777808540931
2732,0.895078550246352
2733,0.5976790808867409
2734,0.3435387764249805
2735,0.11439751269773617
2736,0.25439132547319265
2737,0.9637783141380479
2738,0.25704326030186214
2739,0.20735517970192874
2740,0.3594749554891253
2741,0.895108772341229
2742,0.5164388718126297
2743,0.5574385475866934
2744,0.5246291789691306
2745,0
2746,0.5202027285906017
2747,0.5137162509075887
2748,0.2982304204892713
2749,0.8943023290935913
2750,0.37150940059062854
2751,0.4927487373270932
2752,0.52522796648156
2753,0
2754,0.5103145085502094
2755,0.37531444056018837
2756,0.5077324904849827
2757,0.894330127662288
2758,0.2657526873255506
2759,0.11727991414566788
2760,0.5388018289866608
2761,0.9646867155016929
2762,0.5528932505647293
2763,0.48387416702086167
2764,0.669580836415596
2765,0.8936354428711718
2766,0.8005245498634831
2767,0.23741633858362166
2768,0.5339886529065205
2769,0.9653681315356104
2770,0.6812504661232263
2771,0.34402205665806296
2772,0.5133668329756524
2773,0.893658655702003
2774,0.5531412535305836
2775,1.7919869027921533
2776,0.8290322481553278
2777,0
2778,0.6451683982203408
2779,0.3979007948380197
2780,0.6905886670467711
2781,0.8931273848673547
2782,0.7469738931359563
2783,0
2784,0.849079097300494
2785,0
2786,0.5745999809554736
2787,0.43435295612023656
2788,0.6031662722054755
2789,0.6495992079616256
2790,0.8931449433322679
2791,0.5387639284342287
2792,0
2793,0.504245196573942
2794,0
2795,0.37455216286409093
2796,0
2797,0
2798,0.45350354980487945
2799,0.8928096930601852
2800,0.5443219265915193
2801,0
2802,0.7132168199028643
2803,0.9662969500836686
2804,0.5808848120157777
2805,0
2806,0
2807,0.8145884442407697
2808,0.8928177743401942
2809,0.5640023299331105
2810,0
2811,0.5871574280921751
2812,1.025324501815162
2813,0.722592572022583
2814,0
2815,0.7642934988011855
2816,0.6167390999474547
2817,0
2818,0.59644306893029
2819,0.6042339425365306
2820,0
2821,0.6236005406649363
2822,0
2823,0.6500000000000001
2824,0
2825,0
2826,0
2827,0.874486219647461
2828,0.0414996653266294
2829,0.04149966532662902
2830,0
2831,0.6073010070248003
2832,0.052809931725849774
2833,0.05280993172584937
2834,0
2835,0.6868736531172666
2836,0.051854497287013745
2837,0.06048045267320251
2838,0
2839,1.1845544089036997
2840,0
2841,0.769204098879901
2842,0.04027681991198228
2843,0.040276819911981884
2844,0
2845,0.9028141220487097
2846,0.039196908212822845
2847,0.03915095929149696
2848,0
2849,1.1564994029877822
2850,0
2851,0.7829264614100514
2852,0.05104313995152641
2853,0.05098433226110858
2854,0
2855,0.8802655998089537
2856,0.013558236168469405
2857,0.059643812714405525
2858,0
2859,0.8534704777057108
2860,0
2861,0.6844515243706614
2862,0.013340231569704254
2863,0.03904186430544076
2864,0
2865,0.9031536446646345
2866,0.009243059360045769
2867,0.20017083902756658
2868,0
2869,0.9112616822907817
2870,0
2871,1.0487682771746458
2872,0.009556810305861514
2873,0.20017084035060312
2874,0
2875,1.035105989424704
2876,0.00930216350581357
2877,0.22960409213699523
2878,0
2879,0.930465288679566
2880,0
2881,0.8799574932197386
2882,0.008988443691763418
2883,0.21925932123463113
2884,0
2885,0.9030406472206779
2886,0.007167448213199041
2887,0.19994329425364554
2888,0
2889,0.9111636290431318
2890,0
2891,1.0233203715318036
2892,0.007525115739235374
2893,0.19994329298578628
2894,0
2895,0.8799041056574132
2896,0.007354553275957084
2897,0.22919140353212764
2898,0
2899,0.8974472183442307
2900,0
2901,0.8798166446372946
2902,0.0070024423993030145
2903,0.3996052211771013
2904,0
2905,0.8800607584199905
2906,0.00666880963057766
2907,0.1995543205348137
2908,0
2909,0.949672851686968
2910,0
2911,1.0235825435453776
2912,0.007044327434184135
2913,0.19955431904259935
2914,0
2915,0.9014867937253538
2916,0.007004136309670598
2917,0.05813794432114728
2918,0
2919,0.9780415569948266
2920,0
2921,0.9014768121295317
2922,0.006640658283968854
2923,0.23624263886298136
2924,0
2925,0.9003658242247176
2926,0.006570629903847169
2927,0.1990117066908377
2928,0
2929,1.2826551163412325
2930,0
2931,0.8733473735173723
2932,0.006956984947199036
2933,0.048710016245805926
2934,0
2935,0.8889732016264249
2936,0.0070538448144730845
2937,0.398483989879421
2938,0
2939,1.0198483595777224
2940,0
2941,0.9014483157052835
2942,0.006686482715980869
2943,0.3984839868903142
2944,0
2945,0.8557598813618514
2946,0.0068945629947721925
2947,0.19832627649462473
2948,0
2949,1.1432241198940991
2950,0
2951,1.1403004482307382
2952,0.007281613259894029
2953,0.19832629126573753
2954,0
2955,0.889088211976959
2956,0.007495243654774707
2957,0.3977098644937877
2958,0
2959,0.8308022523583236
2960,0
2961,0.8770724513431526
2962,0.007131006419542253
2963,0.39770986102727385
2964,0
2965,0.8545311957168586
2966,0.00880717846733859
2967,0.19751192892160518
2968,0
2969,0.8302803105912997
2970,0
2971,1.4145554073733653
2972,0.008807178467338552
2973,0.2371213872053427
2974,0
2975,0.8541367539319983
2976,0.009492455846618045
2977,0.39681043240724223
2978,0
2979,1.3466562077051358
2980,0.009492455846618215
2981,0.19721017367406674
2982,0
2983,0.2348874808073006
2984,0
2985,1.6176807493142022
2986,0
2987,0.8537842897829944
2988,0
2989,1.128608288189885
2990,0
2991,1.2185713436091188
2992,0
2993,0.3078419573525784
2994,0
2995,0.7765928706511684
2996,0
2997,1.3976962181384989
2998,0
2999,0.19623392523437147
3000,0
3001,1.0132287786162804
3002,0
3003,1.3421467149355006
3004,0
3005,0.49258071879033205
3006,0
3007,0.45177527362321784
3008,0
3009,1.2176069971377828
3010,0
3011,0.30810713049558325
3012,0
3013,0.01682470621503445
3014,0
3015,0.9518273781747383
3016,0
3017,0.016433631778899088
3018,0
3019,1.2770322016584215
3020,0
3021,0.23615044579274272
3022,0
3023,0.017518927840100874
3024,0
3025,0.0167465934977169
3026,0
3027,0.45241642512967095
3028,0
3029,0
3030,0
3031,0.017753638619230173
3032,0
3033,0.017752641659451257
3034,0
3035,0.5989704305138019
3036,0
3037,0.5495299225055578
3038,0
3039,0.017752641659451257
3040,0
3041,0.23655835298082376
3042,0
3043,0.018416834186266516
3044,0
3045,0.017638026939919737
3046,0
3047,0.015317523548754972
3048,0
3049,0.015518833479213337
3050,0
3051,0.018616476492612638
3052,0
3053,0.018616997293393365
3054,0
3055,0.598709916962575
3056,0
3057,0.018190883015645115
3058,0
3059,0.018614036800221497
3060,0
3061,0.12663086635486526
3062,0
3063,0.01645576430244963
3064,0
3065,0.018454663273968313
3066,0
3067,0.016441739800479208
3068,0
3069,0.01645206508145532
3070,0
3071,0.01940933458416335
3072,0
3073,0.016641092031474174
3074,0
3075,0.20957758808653906
3076,0
3077,0.018956705304456187
3078,0
3079,0.01940801551478713
3080,0
3081,0.23969888517795734
3082,0
3083,0
3084,0
3085,0.45341478675049857
3086,0
3087,1.0658898327550446
3088,0
3089,0.3117513254003725
3090,0
3091,0.7565580660978893
3092,0
3093,0.4874650984657489
3094,0
3095,0.6865938472715228
3096,0
3097,0.24803928461726474
3098,0
3099,0
3100,0
3101,0.57800601365576
3102,0
3103,0.45609453211173484
3104,0
3105,0
3106,0
3107,0.30367358237350117
3108,0
3109,0.750578751202401
3110,0
3111,0.5690200670447005
3112,0
3113,0.4914312084215519
3114,0
3115,0.6826735066070914
3116,0
3117,0.248316842958749
3118,0
3119,0
3120,0
3121,0.5742478822177367
3122,0
3123,0.4593763228533032
3124,0
3125,1.099622411515173
3126,0
3127,0.3035709221884292
3128,0
3129,0.7820889853952786
3130,0
3131,0.5683066847778782
3132,0
3133,0.4913339614841078
3134,0
3135,0.6822500536678454
3136,0
3137,0.2484320173403134
3138,0
3139,0
3140,0
3141,0.573444776487191
3142,0
3143,0.45940338603744174
3144,0
3145,1.1004526711501754
3146,0
3147,0.303338069089955
3148,0
3149,0.8151828872807215
3150,0
3151,0
3152,0
3153,0.49108693179845697
3154,0
3155,0.6816722914941526
3156,0
3157,0.24838231167116376
3158,0
3159,0.7142380217401075
3160,0
3161,0
3162,0
3163,0.45926456686133904
3164,0
3165,1.1011394591590116
3166,0
3167,0.3029813003599031
3168,0
3169,0.8158400343600181
3170,0
3171,0
3172,0
3173,0.4906940692805562
3174,0
3175,1.023545254543557
3176,0
3177,0.248168553017232
3178,0
3179,0.07686397280622138
3180,0
3181,0
3182,0
3183,0.4589605476001663
3184,0
3185,1.9291734406320238
3186,0
3187,0.3025068663610062
3188,0
3189,0.8163546236973241
3190,0
3191,1.0934011763867821
3192,0
3193,0.490160039705401
3194,0
3195,0.08008397229922
3196,0.7970137660619309
3197,0.16457837876395004
3198,1.0114454981914358
3199,0.07554441793408706
3200,0
3201,0
3202,0.057861074215168805
3203,0.458497771130412
3204,0.16487289076470726
3205,0.08136349917499851
3206,0.8368406360151389
3207,0.07913269502691174
3208,0.4870489126407578
3209,0.2877591767118625
3210,0.15190783997798787
3211,0.4054538798561154
3212,0
3213,0.07609215034709213
3214,0.4441208032277549
3215,0.08203371840421615
3216,0.4415950992542326
3217,0.18646581284248875
3218,0.33193559489159796
3219,0.06836299917352973
3220,0.41659137820534925
3221,0.42938284495801576
3222,0.2043316283737791
3223,0.08191403799376772
3224,0.3353331161447047
3225,0.07905709351404795
3226,0.46354945614638804
3227,0.10412231433671004
3228,0.3100413012426526
3229,0.09363111836468815
3230,0.6594095625112489
3231,0.04754205471650013
3232,0.2985680861958356
3233,0.04783614107206663
3234,0.7521994778493617
3235,0.0810178905352254
3236,1.1033764757594218
3237,0.11704041991676013
3238,0.32062936938041425
3239,0.028435246565174016
3240,0.33190926823436145
3241,0.07258978096123449
3242,0.8972257942952035
3243,0.04844869104527002
3244,0.8078845615450816
3245,0.04871134154953603
3246,0.4886400516297992
3247,0.05331590929127571
3248,0.36166721886552256
3249,0.04871008861964165
3250,0.8545413825877501
3251,0.07276474228330373
3252,0.3686513886299244
3253,0.02928174695759958
3254,1.2519785673566834
3255,0.07864272130995688
3256,0.33330651790580934
3257,0.0928213242723168
3258,0.49312803601586885
3259,0.07336819699221794
3260,0.8550124759460399
3261,0.0492462938582981
3262,0.8429732641354778
3263,0.04946993515706733
3264,0.4881315410901197
3265,0.05385182548231549
3266,0.34370399886996145
3267,0.04947057666150884
3268,0.9607047080346748
3269,0.07351878898168426
3270,0.3515094465560777
3271,0.030050144013335986
3272,0.36238011206430093
3273,0.08458295268879833
3274,0.8449923326975007
3275,0.07400319854048337
3276,0.4326197516508417
3277,0.07400688625992095
3278,1.3496245329577754
3279,0.04992121989695427
3280,1.0533530589867524
3281,0.05010592541805807
3282,0.7216457997890131
3283,0.0543279124575942
3284,0.3172039225454276
3285,0.05010687272997366
3286,0.9462643210064678
3287,0.03811958553027567
3288,0.5346797148477388
3289,0.03073040595241197
3290,0.35731405600932353
3291,0.036069275514087465
3292,0.9024178880026827
3293,0.038590299997394474
3294,0.3617625757737422
3295,0.03858998744925068
3296,1.0619364370391322
3297,0.05046554860166193
3298,1.0798300852949556
3299,0.050612710275625854
3300,0.6428296579695121
3301,0.05473499050475431
3302,0.4995251403631835
3303,0.050610476707452154
3304,1.389185050562714
3305,0.03869298702463897
3306,0.5043745607994758
3307,0.03131430503779422
3308,0.3607943750922861
3309,0.03664350901592296
3310,1.2365348970425483
3311,0.03904311247269587
3312,0.3448759972488767
3313,0.03904027054209521
3314,0.7244463866023239
3315,0.013474331630507411
3316,1.1567249192452245
3317,0.05098563906848891
3318,0.38867013116160704
3319,0.055068656679135346
3320,0.44149434720465397
3321,0.1599962563871072
3322,1.2885328491874557
3323,0.03915016563750967
3324,0.08534564964829112
3325,0.5656325093526108
3326,0.34510584581257986
3327,0.03712898328799289
3328,0.12312634816904335
3329,0.356197656638958
3330,0.006666666666666668
3331,0.25612496949731395
3332,0
3333,0.26204325342711393
3334,0.010534088501410918
3335,1.0352879530163668
3336,0.0066666666666666645
3337,0.6904426921266611
3338,0
3339,0.6968181653455626
3340,0.15999999999999992
3341,0.08439325934114808
3342,0
3343,0.47899199714956964
3344,0
3345,0.9969954864491618
3346,0.009273147428043181
3347,1.288592243160769
3348,0.29935629314208606
3349,0.4303296435711942
3350,0
3351,0.7443416181058565
3352,0
3353,0.7502592144645005
3354,1.5780751943548588
3355,0.5555860955080102
3356,0.4304519588628781
3357,0.49967009978434007
3358,0.0066666666666666645
3359,0
3360,0.013333333333333329
3361,0.31496031496047244
3362,0
3363,0.013333333333333332
3364,0
3365,0.0066666666666666645
3366,0.007832731593909171
3367,1.3794280849086833
3368,0.6556144199015937
3369,0.050221730577731036
3370,0
3371,0.6729371771899993
3372,0.013333333333333332
3373,0.5876979571930541
3374,0
3375,0.5978201141554949
3376,0
3377,0.6794769229995151
3378,0.013333333333333329
3379,0.6419155361537494
3380,0.013333333333333329
3381,0.4637168676394395
3382,0
3383,0.9716423667630438
3384,0
3385,0.8544003745317533
3386,0.00783064669530368
3387,1.1639079628454883
3388,0.9669638151065936
3389,0.159996256387107
3390,0.013333333333333329
3391,0.6887347497807524
3392,0
3393,0.7015221545563145
3394,0.007831084599210633
3395,0.3122108375420175
3396,0.0066666666666666645
3397,0.8214080052635907
3398,0
3399,0.8267741865561331
3400,0.013333333333333332
3401,0
3402,0.006666666666666668
3403,0
3404,0.08439325934114754
3405,1.414508733150329
3406,0
3407,0
3408,0.08459051693633021
3409,1.4121331299964084
3410,0
3411,0.0066666666666666645
3412,0
3413,0.013333333333333332
3414,0.006666666666666668
3415,0.6979652968132124
3416,0
3417,0.7042726744663605
3418,0.08439325934114808
3419,0.5374312678207308
3420,0
3421,0.7054391855039276
3422,0.2378422928873018
3423,0.45707810288666256
3424,0.2787870553347521
3425,0.3739167622819304
3426,0.08691537367479459
3427,1.6136225644174391
3428,0
3429,0.6336928803976473
3430,0.08459051693632998
3431,1.5068938476862845
3432,0.0849182613523801
3433,0.3881112815186631
3434,0.006666666666666668
3435,0.8672049610354201
3436,0
3437,0.8722894524691267
3438,0.10666666666666669
3439,0.7587996538878904
3440,0.8216040913237896
3441,0.7000931012898309
3442,0
3443,0.9349034412410964
3444,0.013333333333333332
3445,0.7394292092929218
3446,0
3447,0.751354332744101
3448,0
3449,0.9396216732754139
3450,0.013333333333333329
3451,0
3452,0.4480384120177762
3453,0.5606951750450233
3454,0.013333333333333329
3455,0
3456,0.39505639848195
3457,0.7795566985608297
3458,0
3459,0
3460,0.4548052652155901
3461,0.4730991092235615
3462,0
3463,0.728008009813816
3464,0
3465,0.013333333333333332
3466,0.013333333333333329
3467,0.7832127566774064
3468,0.013333333333333329
3469,0.6901529621113796
3470,0
3471,0.7029145672760587
3472,0
3473,0.4039071479874907
3474,0.013333333333333329
3475,0.9309970760188001
3476,0
3477,0.9404963228707135
3478,0.006666666666666668
3479,0
3480,0
3481,0.0066666666666666645
3482,0.08439325934114801
3483,0.33321675444259413
3484,0
3485,0.834053022561782
3486,0.4255327969881734
3487,0.3710507973190925
3488,0.106874796945876
3489,0.8843248204995381
3490,0.31210132807069985
3491,0.6493913427713665
3492,0.14236104336041747
3493,0.5812780686312895
3494,0.24230053944412652
3495,0.33100688129350486
3496,0.6007155934409966
3497,0.8220254368147356
3498,0
3499,0.780227886937884
3500,0.47296376288486125
3501,0.8236284256460085
3502,0.08491826135238004
3503,0.7030939218128986
3504,0.106874796945876
3505,0.8062059590378522
3506,0.4309409886025336
3507,0.8288046126167312
3508,0
3509,0.46248630040680383
3510,0.9864690313436101
3511,0.673012520841205
3512,0.4316550919480009
3513,0.4828393692609388
3514,0.3719944395806651
3515,0
3516,0.3295161985934389
3517,1.0215362715070648
3518,0.42193582891908077
3519,1.0219065090060833
3520,0.8016072813391952
3521,0.9859679176434811
3522,1.3164733875271954
3523,1.0395428101496242
3524,0.35130438428158983
3525,1.0402703389880068
3526,0.6585842970103706
3527,0.6500966830508509
3528,0
3529,1.323460384525203
3530,0.354416935495373
3531,0.4390390149671851
3532,0
3533,0.23553810999364136
3534,0.6955871729099659
3535,1.023149339537611
3536,0
3537,0.8227313963271149
3538,0.6196343098206964
3539,0.4069614419786587
3540,0.34864208487341614
3541,0.6483945578567285
3542,0.24288677005627804
3543,0.6835179143983287
3544,0.567705254805137
3545,0.30853785137645545
3546,0
3547,0.6380093753723947
3548,0
3549,0
3550,0.4648935725405887
3551,0.48961480777791505
3552,0.33769188902277064
3553,0.6859725692301911
3554,0.7131794184821617
3555,1.05372699519052
3556,0.93770942315925
3557,0.9846282318441029
3558,0
3559,0
3560,0
3561,0.5696022531848661
3562,0.5666239678659968
3563,0.40921667024977265
3564,0.30792593287852693
3565,0.7027545233263887
3566,1.0431288208302836
3567,0.8145796537975757
3568,0.9857493777324945
3569,0
3570,0.42732243908337364
3571,0.3103285590232511
3572,0.30847527662571816
3573,0.3151923410542084
3574,0.32908606138296925
3575,0.6839391475927437
3576,1.2182996349815625
3577,0
3578,1.0437552738379603
3579,0
3580,0.5640460825039054
3581,0.3272332102126659
3582,0.32462333204403426
3583,0.3075530171242384
3584,0.46851019439711233
3585,0.6678197699093201
3586,0.29874634235013026
3587,0
3588,0
3589,0.3720134074753982
3590,0.27355636377938986
3591,0.38180170965572796
3592,0.3293527545145678
3593,0.43926317102571977
3594,0
3595,0.4255634564597127
3596,0.29223132354111797
3597,0.30485385158380035
3598,0.9831542968312642
3599,0.3601094151916204
3600,0.3755910120935186
3601,0.3074464438456447
3602,0.5269852927176494
3603,0
3604,0.5976071823106704
3605,0.329718744918134
3606,0.9843605087116769
3607,0.11353936610513361
3608,0.32093640400297707
3609,0.5918050052836243
3610,0.5157381685925685
3611,0
3612,0.25704326030186225
3613,0.6772460460773614
3614,0.3490948328121407
3615,0
3616,0.38009300995099193
3617,0.5129597970846607
3618,0.6528403543648182
3619,1.047146638522726
3620,0.25794466490764506
3621,1.0965015787825658
3622,0.3351657800675272
3623,0
3624,0.3715069757512931
3625,0.5315956165198527
3626,0.9110799198695497
3627,0
3628,0.3675717757331649
3629,0.4049978029269969
3630,1.0036206190644057
3631,0
3632,0.3493610085462251
3633,0.41129955993175943
3634,0.7989966563889986
3635,0
3636,0.48562915269596196
3637,0.33955173981646314
3638,0.956532218201315
3639,0
3640,0.5925378310034426
3641,0.6033100900360964
3642,0.6891563221213864
3643,1.046901919658454
3644,0.39169038108921206
3645,0.3263491341173868
3646,0.8679139591846554
3647,0.981540520259409
3648,0.3839442864030736
3649,1.7919869027921533
3650,0.8809860389169065
3651,0
3652,0.2754563272247947
3653,0.3728695114781282
3654,0.8482998761752313
3655,0
3656,0.4543545226273035
3657,0
3658,0.8140749852016042
3659,0
3660,0.4460550385445426
3661,0.45368144021299955
3662,0.5086205175399541
3663,0.24379931563932072
3664,0
3665,0.38608356450236253
3666,0
3667,0.5709153331214234
3668,0
3669,0.5479803449637667
3670,0
3671,0
3672,0.5549744850527569
3673,0.981788202555815
3674,0.5032344747851097
3675,0
3676,0.6618866524823438
3677,0
3678,0.6542713846513062
3679,0
3680,0
3681,0.8318492809482523
3682,0.9812852067965653
3683,0.6533406655079617
3684,0
3685,0.8036705988775442
3686,0
3687,0.717134653658804
3688,0
3689,0.6792583838402528
3690,0.7911521978716266
3691,0
3692,0.6860039434856918
3693,0.7047973058150385
3694,0
3695,0.6325245883073635
3696,0.2948634335492354
3697,0.8845903006477067
3698,0
3699,0
3700,0
3701,0.784426728469323
3702,0
3703,0.04149966532662902
3704,0
3705,0.6861852429834684
3706,0.061301591786473944
3707,0.05280993172584979
3708,0
3709,0.7446186112870893
3710,0
3711,0.06048045267320288
3712,0
3713,1.3829749354713001
3714,0
3715,1.2474947644991772
3716,0.040276819911981815
3717,0.04027681991198221
3718,0
3719,0.9017695638607508
3720,0
3721,0.03915095929149661
3722,0
3723,1.341913989229718
3724,0
3725,0.6726605557432912
3726,0.012770383919226557
3727,0.05098433226110858
3728,0
3729,1.023520738744128
3730,0
3731,0.059643812714405525
3732,0
3733,1.1973042280966486
3734,0
3735,0.6846571196894256
3736,0.0133402315697041
3737,0.03904186430544069
3738,0
3739,0.9015681161110045
3740,0
3741,0.20017083902756616
3742,0
3743,0.9622672358798762
3744,0
3745,0.879807321466069
3746,0.00955681030586155
3747,0.20017084035060312
3748,0
3749,1.0221473508677663
3750,0
3751,1.3015489261381354
3752,0
3753,0.9609132631945777
3754,0
3755,0.9013123588338701
3756,0.008988443691763139
3757,0.21925932123463113
3758,0
3759,0.9022786344152678
3760,0
3761,0.19994329425364596
3762,0
3763,0.9624902279398789
3764,0
3765,0.879774957109193
3766,0.007525115739235254
3767,0.1999432929857865
3768,0
3769,1.0242893601337653
3770,0
3771,1.3012288206445903
3772,0
3773,0.9611171498263017
3774,0
3775,0.9014320642363888
3776,0.0070024423993030145
3777,0.3996052211771015
3778,0
3779,0.9031305200218777
3780,0
3781,0.03742892760805306
3782,0
3783,0.9626078268915278
3784,0
3785,0.8796292799305901
3786,0.007044327434184338
3787,0.1995543190425991
3788,0
3789,0.879815501381953
3790,0
3791,1.3007473585566538
3792,0
3793,0.9612405544592028
3794,0
3795,0.9014768121295317
3796,0.006640658283968854
3797,0.3991208698363056
3798,0
3799,0.9002779418351512
3800,0
3801,0.1990117066908377
3802,0
3803,1.143705798770591
3804,0
3805,0.8733473735173727
3806,0.006956984947198658
3807,0.048710016245805926
3808,0
3809,1.0216216251916346
3810,0
3811,0.398483989879421
3812,0
3813,1.0185135829783196
3814,0
3815,0.9058850686048938
3816,0.006686482715981274
3817,0.39848398689031445
3818,0
3819,1.1400135276264183
3820,0
3821,0.19832627649462428
3822,0
3823,1.1431779716588493
3824,0
3825,0.8772932964708388
3826,0.007281613259894253
3827,0.19832629126573753
3828,0
3829,1.1415807662234159
3830,0
3831,0.6175294863805777
3832,0
3833,0.8308022523583236
3834,0
3835,1.1404906593181696
3836,0.007131006419542899
3837,0.3977098610272736
3838,0
3839,1.62971000329228
3840,0
3841,0.19751192892160518
3842,0
3843,1.6947806491000428
3844,0
3845,1.2814615402495022
3846,0.00880717846733899
3847,0.3971250374877749
3848,0
3849,0.8539238712344545
3850,0
3851,0.39681043240724173
3852,0
3853,0.854354189405951
3854,0.008262627702829007
3855,0.19721017367406649
3856,0
3857,1.4196348971326949
3858,0
3859,0.19657587598911763
3860,0
3861,0.8783927946425043
3862,0
3863,1.2002503945953409
3864,0
3865,0.015535318857364998
3866,0
3867,0.9924776950955705
3868,0
3869,0.45177700752030314
3870,0
3871,1.3288650609403327
3872,0
3873,0.7473543098985915
3874,0
3875,1.889357934893639
3876,0
3877,0.016557359256703756
3878,0
3879,1.3286560378838947
3880,0
3881,1.12357711806117
3882,0
3883,0.6395582846612882
3884,0
3885,0.016825492431294692
3886,0
3887,0.452419323274941
3888,0
3889,0.9434047062682059
3890,0
3891,0.016433631778899088
3892,0
3893,0.01682470621503458
3894,0
3895,1.8886254701187963
3896,0
3897,0.01751892784010104
3898,0
3899,0.0167465934977169
3900,0
3901,1.1230760163515145
3902,0
3903,0.01751892784010122
3904,0
3905,0.017753638619230225
3906,0
3907,0.014777109073007383
3908,0
3909,0.9426164643438553
3910,0
3911,0.017348617841199936
3912,0
3913,0.017752641659451607
3914,0
3915,0.015519912961525759
3916,0
3917,0.01841541544165901
3918,0
3919,0.017638026939919747
3920,0
3921,1.2216879315452138
3922,0
3923,0.01551883347921356
3924,0
3925,0.018616033928370006
3926,0
3927,0.8249988728359059
3928,0
3929,0.9417003274174974
3930,0
3931,0.018190804526829776
3932,0
3933,0.018614036800221497
3934,0
3935,0.016453576726995003
3936,0
3937,0.019242874609117507
3938,0
3939,0.018454585907031328
3940,0
3941,0
3942,0
3943,0.016452065081455566
3944,0
3945,0.019408836821864922
3946,0
3947,0.01663917598119975
3948,0
3949,0.01727313290762394
3950,0
3951,0.018956705304456176
3952,0
3953,0.01663917598119971
3954,0
3955,0
3956,0
3957,0.2396988851779574
3958,0
3959,0.017529529359214202
3960,0
3961,0
3962,0
3963,0
3964,0
3965,0.4571555736167819
3966,0
3967,0
3968,0
3969,0.8071004343395631
3970,0
3971,0.013788408424792542
3972,0
3973,0.24693430114123707
3974,0
3975,0
3976,0
3977,0
3978,0
3979,1.1513316628255106
3980,0
3981,0.013255770852307653
3982,0
3983,0.4655090714247981
3984,0
3985,0
3986,0
3987,0
3988,0
3989,0.8191966287914169
3990,0
3991,0
3992,0
3993,0.24715889805683033
3994,0
3995,0
3996,0
3997,0.013567575845866289
3998,0
3999,1.1514799188270717
4000,0
4001,0
4002,0
4003,0.46544161269200385
4004,0
4005,0
4006,0
4007,0
4008,0
4009,0.8197909097628355
4010,0
4011,0
4012,0
4013,0.24722340939455287
4014,0
4015,0
4016,0
4017,0
4018,0
4019,1.6182089115567109
4020,0
4021,0
4022,0
4023,0.46521300467133686
4024,0
4025,0
4026,0
4027,0
4028,0
4029,0.8202299147134838
4030,0
4031,0
4032,0
4033,0.2471273997338665
4034,0
4035,0
4036,0
4037,0
4038,0
4039,1.3853046436444238
4040,0
4041,0
4042,0
4043,0.46482573257572085
4044,0
4045,0
4046,0
4047,0
4048,0
4049,0.8205026750772969
4050,0
4051,0.08037987335148024
4052,0
4053,0.07686397280622138
4054,0
4055,0
4056,0
4057,0
4058,0
4059,0.2771415756051208
4060,0.0578624016861458
4061,0.08111492379471374
4062,0
4063,0.4642874881277763
4064,0
4065,0
4066,0
4067,0.0779631474451591
4068,0
4069,1.3155160933894914
4070,0.08822038667765833
4071,0.08136266522319818
4072,0.44460501518601353
4073,0.07608031408759265
4074,0
4075,0
4076,0
4077,0
4078,0.42939100945175834
4079,0.08136349917499872
4080,0.7966316485174032
4081,0.08108864015631963
4082,0.4462035441346624
4083,0.46360539902390163
4084,0.15190783997798699
4085,0
4086,0.7441822476517445
4087,0.07435575207518727
4088,0
4089,0.08152999352453746
4090,0.49592625052290884
4091,0.07168743002863975
4092,0.4806053343215715
4093,0.0683696522215
4094,0.31495089771325885
4095,0
4096,1.1702075692683664
4097,0
4098,0.2502272558691459
4099,0.07680989413769834
4100,0.463549456146388
4101,0.07847734050779824
4102,0.3171684577558043
4103,0.45951709881570235
4104,0.8455404745072153
4105,0.07773111860683542
4106,0.3453128463219697
4107,0.07991258255952749
4108,0.7521994778493617
4109,0.08099767086506839
4110,0.49762451245582084
4111,0.07259115452159291
4112,0.3257773070186804
4113,0.07188187831049213
4114,0.35482745632232426
4115,0.07258978096123449
4116,0.9615040232151627
4117,0.04844869104527002
4118,0.9435308188356477
4119,0.04871134154953603
4120,0.3748470263571945
4121,0.06921849164060118
4122,0.3616672188655223
4123,0.04871008861964165
4124,0.8511169254491329
4125,0.0727647422833036
4126,0.5387873161231936
4127,0.07276474228330365
4128,0.938369904741736
4129,0.08109631753170926
4130,0.3707286690641893
4131,0.09160090326822977
4132,0.38397052538803844
4133,0.07336819699221794
4134,1.135568308641395
4135,0.04924629385829813
4136,1.2650187933075305
4137,0.0494699351570673
4138,0.3742700339709166
4139,0.05385182548231549
4140,0.31763818023777207
4141,0.04947057666150905
4142,1.2265762120742003
4143,0.07351878898168397
4144,0.3329620618307494
4145,0.030050144013335986
4146,0.5276456551888586
4147,0.08458568323172536
4148,1.176336887583722
4149,0.07646097730675527
4150,0.3612990157151977
4151,0.07400688625992095
4152,0.9603355081732747
4153,0.04992121989695429
4154,1.057355913221774
4155,0.0501059254180581
4156,0.7862065110305867
4157,0.054327912457593795
4158,0.35223095942256205
4159,0.05010687272997344
4160,0.9962833175884691
4161,0.07413200637376585
4162,0.33252146870678356
4163,0.030730405952411118
4164,0.3498494861756567
4165,0.03606927551408674
4166,0.9024178880026824
4167,0.0744962506573319
4168,0.37696403322606575
4169,0.03858998744925068
4170,1.1185809971436338
4171,0.07307633526845161
4172,0.8382517997444309
4173,0.050612710275625854
4174,0.7858351042440399
4175,0.05473499050475431
4176,0.33688081114292767
4177,0.050610476707452154
4178,1.0649184250471024
4179,0.03869298702463923
4180,0.46976247065916177
4181,0.031314305037793796
4182,0.34525584732177755
4183,0.0366435090159226
4184,1.0459129291676768
4185,0.0390431124726956
4186,0.34712819235262427
4187,0.03904027054209521
4188,0.6069075493100939
4189,0.05087702439324791
4190,1.2731254029327375
4191,0.05098563906848891
4192,0.6314615004061879
4193,0.0737792654960063
4194,0.3180074435429487
4195,0.159996256387107
4196,1.1674154509852372
4197,0.03915016563750967
4198,0.08534564964829155
4199,0
4200,0.756808677133518
4201,0.03712898328799217
4202,0.23224976941048203
4203,0.39143182442029434
4204,0.006666666666666668
4205,0
4206,0
4207,0
4208,0.010533171333142398
4209,1.3876451325304215
4210,0.0066666666666666645
4211,0.851299659997061
4212,0
4213,0.3491214829921156
4214,0.15999812831577886
4215,0.08439325934114787
4216,0.006666666666666668
4217,0
4218,0
4219,1.2369316876852987
4220,0.0519429804826946
4221,1.1875709714394187
4222,0.4871131073596004
4223,0
4224,0.006666666666666668
4225,0.4902267049256111
4226,0
4227,0.5678882219156769
4228,1.2447405268374863
4229,0
4230,0.1599962566315576
4231,0.2997421852069911
4232,0.0066666666666666645
4233,0
4234,0.013333333333333329
4235,0
4236,0
4237,0.013333333333333332
4238,0
4239,0.0066666666666666645
4240,0.007832731593909171
4241,1.4298830157782976
4242,0.6190204717577246
4243,0.05022173057773147
4244,0.006666666666666668
4245,0.5754322047141803
4246,0.013333333333333332
4247,0.9620579793107876
4248,0
4249,0.4041063895597531
4250,0
4251,0.7608472261889625
4252,0.013333333333333329
4253,0
4254,0.013333333333333329
4255,0
4256,0
4257,0.5846132232116663
4258,0
4259,0.6003837710185627
4260,0.007830646695303563
4261,0.6066121246448791
4262,1.3769267370850715
4263,0
4264,0.013333333333333329
4265,0.5065899064661015
4266,0
4267,0.5182984982935348
4268,0.007831084599211427
4269,0.37356997118848917
4270,0.0066666666666666645
4271,0.9605785293827419
4272,0
4273,0.0066666666666666645
4274,0.013333333333333332
4275,0
4276,0.006666666666666668
4277,0
4278,0.08439325934114768
4279,1.424347899856278
4280,0
4281,0
4282,0.07456110042874727
4283,1.4959806456272924
4284,0
4285,0.0066666666666666645
4286,0
4287,0.013333333333333332
4288,0.006666666666666668
4289,0.5392278430002172
4290,0
4291,0.27569440903167086
4292,0.06134517182570097
4293,0.4995226644566538
4294,0
4295,0.783019641300554
4296,0.4942455384402321
4297,0.35410008592739617
4298,0.05333333333333368
4299,0.928463867245413
4300,0.06921080191381941
4301,1.5217044185197628
4302,0
4303,0.6788961628997467
4304,0.08459051693633012
4305,1.4454296016155939
4306,0.0849182613523801
4307,0.8436663876294846
4308,0.006666666666666668
4309,0
4310,0
4311,1.2136263382478518
4312,1.175723589518488
4313,0.8377503114679378
4314,0.141891977691952
4315,0.7905152881431154
4316,0
4317,0
4318,0.013333333333333332
4319,0.9092609941900925
4320,0
4321,0.3717123259112787
4322,0
4323,1.1431924111403509
4324,0.013333333333333329
4325,0
4326,0.12312634816904348
4327,0.34405847368513365
4328,0.013333333333333329
4329,0.3044120015154899
4330,0.05333333333333368
4331,1.1011694675733645
4332,0
4333,0
4334,0.8781181652535294
4335,0.2357501243013449
4336,0
4337,0.013333333333333332
4338,0
4339,0.013333333333333332
4340,0.013333333333333329
4341,0.5665980350595415
4342,0.013333333333333329
4343,0.613124964605277
4344,0
4345,0.013333333333333332
4346,0
4347,1.145076416663971
4348,0.013333333333333329
4349,0
4350,0
4351,0.4131864488831455
4352,0.006666666666666668
4353,0
4354,0
4355,0.0066666666666666645
4356,0.0843932593411478
4357,0.32540530925594485
4358,0
4359,0
4360,0.21201584064505363
4361,0.34811230265155924
4362,0.9658809963922099
4363,0.7636509601577646
4364,0
4365,1.034868643124909
4366,0.14236104336041774
4367,0.6531962744555044
4368,0.05333333333333368
4369,0.7463595015538591
4370,0.5030798614601028
4371,0.8108267732628182
4372,0
4373,0.6353739056650028
4374,0.14236104336041774
4375,0.6881181476200715
4376,0.08491826135238004
4377,0.9905391053790866
4378,0.5815455335133379
4379,0.5648965825826718
4380,0.3714266515833019
4381,0.6986802823329081
